#subsequece (s \in Sample : s ~ D)	freq(s,D)	freq(s,Sample)

1 4 -1 1 2 5 -1 2 -1 5 -1 -2	3785	1
1 -1 2 3 5 -1 1 -1 3 -1 1 -1 -2	2943	1
1 5 -1 2 -1 5 -1 1 -1 -2	15823	1
5 -1 1 3 -1 1 -1 1 2 -1 5 -1 -2	4392	1
1 2 -1 2 -1 4 -1 5 -1 2 4 -1 -2	1747	1
1 -1 1 5 -1 5 -1 2 -1 1 -1 5 -1 -2	8630	1
4 5 6 -1 4 -1 3 4 -1 -2	402	1
1 -1 5 -1 4 -1 1 -1 1 -1 1 2 -1 -2	3168	1
4 -1 3 4 -1 5 -1 5 -1 4 -1 1 -1 -2	1249	1
1 3 -1 1 -1 1 5 -1 2 -1 4 -1 -2	2083	1
1 -1 5 6 -1 3 4 5 -1 4 -1 -2	490	1
2 4 -1 5 -1 3 4 5 -1 1 -1 -2	1371	1
1 4 5 -1 4 5 -1 2 -1 -2	4499	1
1 -1 3 -1 1 3 5 -1 5 -1 3 -1 -2	5121	1
5 -1 1 -1 1 -1 3 -1 6 -1 1 -1 -2	954	1
2 5 -1 1 -1 5 -1 5 -1 1 -1 -2	11693	1
1 3 -1 2 -1 5 -1 3 4 -1 3 -1 -2	1140	1
4 -1 5 -1 3 -1 1 4 -1 2 -1 5 -1 -2	1229	1
2 3 -1 2 -1 5 -1 -2	5679	1
2 -1 5 -1 1 -1 1 -1 3 -1 2 -1 1 -1 -2	1958	1
1 4 -1 2 -1 1 2 -1 4 5 -1 -2	2843	1
2 -1 1 -1 1 5 -1 5 -1 4 -1 -2	4490	1
5 -1 5 -1 1 2 3 -1 1 -1 5 -1 -2	3585	1
1 -1 2 -1 1 4 5 -1 1 3 -1 -2	2446	1
2 3 5 -1 1 2 -1 6 -1 1 -1 -2	661	1
1 3 -1 1 -1 1 2 3 -1 2 -1 -2	2887	1
1 -1 1 -1 3 -1 1 5 -1 4 -1 -2	3716	1
5 -1 1 2 5 -1 5 -1 5 -1 -2	13302	1
6 -1 1 -1 1 2 3 4 -1 3 -1 -2	310	1
1 -1 5 -1 1 5 -1 3 -1 1 2 -1 -2	4620	1
3 -1 6 -1 1 3 -1 1 -1 1 -1 -2	950	1
2 -1 2 -1 2 -1 1 6 -1 1 -1 5 -1 -2	699	1
1 -1 2 -1 1 -1 6 -1 1 -1 1 -1 -2	1177	1
2 3 -1 1 -1 1 -1 3 -1 1 3 -1 -2	2470	1
1 -1 1 -1 1 -1 5 -1 2 -1 4 -1 -2	3511	1
4 -1 1 2 -1 1 -1 1 -1 2 -1 1 -1 -2	2501	1
1 -1 2 -1 1 -1 1 5 -1 1 5 -1 -2	10984	2
2 5 -1 3 -1 1 -1 1 5 -1 1 -1 -2	4544	1
1 5 -1 1 -1 1 5 -1 5 -1 1 -1 -2	25012	1
5 -1 1 4 -1 1 -1 1 3 5 -1 -2	3831	1
1 -1 5 6 -1 4 -1 4 -1 1 -1 -2	874	1
2 3 -1 1 -1 1 3 -1 1 -1 5 -1 -2	2970	1
5 -1 5 -1 5 -1 6 -1 1 2 -1 -2	1517	1
1 5 -1 1 -1 5 -1 1 5 -1 -2	33409	1
1 4 -1 3 4 -1 1 5 -1 5 -1 -2	2552	1
1 -1 2 3 -1 1 5 -1 2 -1 2 -1 -2	2593	1
3 -1 5 6 -1 3 -1 1 -1 3 -1 1 -1 -2	554	1
2 -1 3 5 -1 1 -1 2 5 -1 5 -1 -2	3674	1
1 2 -1 3 -1 1 -1 3 -1 1 -1 -2	3686	1
2 -1 1 -1 1 3 -1 2 -1 2 -1 1 -1 -2	2234	1
5 -1 6 -1 1 3 -1 5 -1 1 -1 -2	1265	1
1 -1 4 -1 1 -1 1 5 -1 1 -1 -2	8279	1
2 -1 1 -1 5 -1 1 -1 5 -1 2 -1 5 -1 -2	4407	1
1 -1 3 -1 1 4 -1 3 -1 1 3 -1 -2	2101	1
4 -1 4 -1 3 -1 1 3 5 -1 -2	2511	1
6 -1 1 3 4 -1 1 -1 2 -1 5 -1 -2	372	1
5 -1 2 3 -1 5 -1 3 -1 2 -1 5 -1 -2	1941	1
2 -1 1 -1 2 4 -1 3 -1 4 -1 5 -1 -2	889	1
1 2 3 -1 1 3 -1 1 -1 1 -1 -2	3453	1
3 6 -1 1 3 -1 1 -1 4 -1 1 -1 -2	369	1
3 -1 4 -1 1 5 -1 3 5 -1 5 -1 -2	2673	1
1 5 -1 1 5 -1 1 5 -1 1 -1 -2	30865	1
1 -1 1 -1 1 -1 3 -1 3 -1 1 -1 -2	5697	1
1 -1 1 2 3 -1 3 -1 6 -1 6 -1 -2	298	1
1 -1 1 -1 1 -1 3 -1 3 -1 -2	8666	1
5 -1 1 2 3 4 -1 1 -1 5 -1 -2	1421	1
3 -1 1 -1 5 6 -1 2 -1 1 3 -1 -2	614	1
3 4 5 -1 1 5 -1 1 4 -1 -2	2782	1
5 -1 2 -1 4 -1 1 -1 2 4 -1 6 -1 -2	300	1
1 -1 1 2 3 -1 1 -1 6 -1 2 -1 -2	529	1
4 5 -1 1 -1 1 4 -1 1 2 -1 -2	3576	1
5 -1 1 5 -1 1 4 -1 1 -1 5 -1 -2	7474	1
3 -1 5 -1 1 4 -1 3 5 -1 6 -1 -2	485	1
2 6 -1 1 3 4 -1 2 5 -1 -2	381	1
1 -1 4 5 -1 1 4 -1 4 -1 5 -1 -2	4202	1
2 5 -1 2 -1 5 -1 1 3 -1 -2	4803	1
1 -1 4 -1 1 2 -1 1 -1 2 -1 4 -1 -2	1698	1
3 -1 1 -1 2 3 -1 3 -1 1 5 -1 -2	2430	1
3 -1 4 -1 2 5 -1 4 -1 5 -1 1 -1 -2	1168	1
1 5 -1 2 6 -1 5 -1 2 5 -1 -2	1152	1
1 5 -1 1 -1 1 4 -1 3 -1 6 -1 -2	608	1
3 6 -1 1 -1 3 -1 6 -1 1 -1 3 -1 -2	277	1
1 4 -1 1 5 -1 2 6 -1 1 -1 -2	667	1
1 -1 1 -1 1 -1 1 -1 3 -1 1 -1 5 -1 -2	4919	1
3 -1 1 -1 3 5 -1 5 -1 3 -1 3 -1 -2	3320	1
1 2 -1 3 -1 1 2 -1 2 -1 2 -1 -2	2516	1
1 -1 5 -1 2 -1 1 3 -1 1 -1 3 -1 -2	2646	1
4 -1 1 2 -1 1 4 -1 1 3 -1 -2	1892	1
3 5 -1 1 -1 2 -1 5 -1 2 -1 1 -1 -2	2727	1
3 6 -1 1 -1 1 -1 5 -1 -2	1146	1
4 -1 1 -1 2 -1 1 -1 3 -1 4 5 -1 -2	1205	1
1 -1 2 5 -1 1 3 -1 1 3 -1 -2	4071	1
1 2 -1 1 2 3 -1 1 5 -1 -2	3992	1
2 -1 6 -1 2 -1 6 -1 4 -1 5 -1 6 -1 -2	108	1
6 -1 1 -1 5 -1 6 -1 3 -1 1 -1 2 -1 -2	264	1
5 -1 1 4 -1 1 2 -1 1 -1 -2	4969	1
3 -1 1 5 -1 3 5 -1 1 -1 5 -1 -2	6668	1
6 -1 1 5 -1 3 4 -1 1 5 -1 -2	603	1
5 6 -1 1 4 -1 1 6 -1 1 -1 -2	810	1
1 5 -1 2 3 -1 3 5 -1 5 -1 -2	3730	1
4 -1 3 -1 2 3 -1 5 -1 5 -1 -2	1563	1
3 -1 3 -1 1 5 -1 1 3 5 -1 -2	6540	1
5 -1 1 2 4 -1 1 -1 -2	4628	1
2 -1 1 4 5 -1 1 -1 1 -1 2 -1 -2	2998	1
5 -1 1 4 -1 3 4 5 -1 5 -1 -2	2438	1
4 -1 4 -1 3 -1 1 5 -1 5 -1 1 -1 -2	1984	1
3 -1 5 -1 5 -1 2 -1 1 2 -1 1 -1 -2	2661	1
2 4 -1 2 -1 1 -1 6 -1 4 -1 1 -1 -2	302	1
3 -1 1 -1 1 -1 2 4 -1 5 -1 4 -1 -2	1047	1
2 -1 2 -1 1 -1 1 5 6 -1 1 -1 -2	1049	1
1 5 -1 1 5 -1 1 -1 3 -1 1 -1 -2	9119	1
4 -1 1 -1 1 5 -1 2 -1 1 -1 5 -1 -2	3342	1
1 2 -1 2 -1 1 5 -1 1 -1 1 -1 -2	8367	1
5 -1 5 -1 5 -1 1 3 -1 -2	12396	1
1 4 -1 2 -1 1 2 5 -1 1 -1 -2	3763	1
1 -1 1 -1 1 -1 1 -1 1 -1 4 5 -1 -2	5823	1
1 -1 1 -1 1 5 -1 5 -1 3 -1 5 -1 -2	7044	1
1 -1 1 3 -1 5 -1 1 -1 1 3 -1 -2	6460	1
3 -1 1 -1 2 6 -1 1 -1 2 -1 4 -1 -2	235	1
3 4 6 -1 2 4 -1 1 -1 -2	250	1
5 -1 2 5 -1 4 -1 1 5 -1 2 -1 -2	3405	1
1 5 -1 4 -1 1 5 -1 -2	12461	1
4 6 -1 3 4 -1 1 -1 5 6 -1 -2	252	1
1 3 -1 1 3 -1 3 5 -1 2 -1 -2	3504	1
3 -1 1 -1 3 -1 3 5 -1 1 -1 1 -1 -2	3809	1
4 -1 4 5 -1 1 3 -1 1 -1 2 -1 -2	1583	1
1 5 -1 1 -1 1 2 -1 1 -1 4 -1 -2	4128	1
2 -1 1 5 -1 2 4 5 -1 3 -1 -2	1849	1
2 4 -1 1 -1 2 4 -1 1 -1 3 -1 -2	1116	1
1 -1 1 -1 2 3 -1 5 -1 2 6 -1 -2	473	1
5 -1 1 -1 3 -1 3 -1 5 -1 1 2 -1 -2	2618	1
4 5 -1 1 6 -1 1 4 5 -1 -2	1132	1
2 -1 1 3 -1 1 5 -1 4 -1 5 -1 -2	2115	1
1 -1 2 -1 1 2 -1 4 5 -1 2 -1 -2	2675	1
6 -1 1 5 -1 5 -1 1 -1 1 4 -1 -2	1115	1
5 -1 1 5 -1 2 -1 1 -1 1 -1 -2	12208	1
1 3 -1 4 -1 1 -1 2 -1 4 -1 -2	1559	1
4 5 -1 4 6 -1 5 -1 6 -1 1 -1 -2	384	1
2 3 -1 1 -1 1 -1 1 -1 3 -1 6 -1 -2	444	1
1 -1 1 2 -1 3 -1 1 -1 1 -1 1 -1 -2	3521	1
1 3 5 -1 5 -1 5 -1 5 -1 1 -1 -2	8146	1
1 5 -1 3 -1 3 -1 2 3 -1 -2	3304	1
3 -1 1 4 -1 3 -1 4 5 -1 5 -1 -2	1887	1
4 -1 1 3 -1 5 -1 1 4 -1 -2	3089	1
4 -1 1 -1 1 -1 1 4 -1 1 -1 3 -1 -2	1957	1
3 -1 1 6 -1 1 -1 2 -1 6 -1 -2	437	1
1 5 -1 1 -1 4 -1 1 -1 5 -1 4 -1 -2	4128	1
3 -1 1 -1 1 4 -1 1 -1 1 -1 -2	3532	1
1 -1 1 5 -1 4 -1 5 -1 1 5 -1 -2	7850	1
4 -1 1 6 -1 1 4 -1 1 -1 -2	1020	1
1 -1 2 -1 3 6 -1 3 -1 1 -1 -2	499	1
5 6 -1 4 -1 2 -1 3 -1 4 -1 -2	357	1
1 -1 6 -1 4 -1 5 -1 1 4 -1 -2	870	1
1 3 5 -1 6 -1 1 -1 4 -1 -2	781	1
1 5 -1 1 -1 4 5 -1 1 -1 5 -1 -2	7592	1
1 -1 5 -1 1 -1 1 2 4 -1 -2	3895	1
2 5 -1 5 -1 1 2 4 -1 1 -1 -2	3149	1
1 -1 2 -1 5 -1 3 -1 3 4 -1 2 -1 -2	858	1
2 -1 1 -1 5 -1 2 -1 1 5 -1 -2	9284	1
1 5 -1 1 4 -1 6 -1 4 -1 1 -1 -2	793	1
6 -1 1 -1 4 -1 1 -1 1 -1 1 -1 -2	933	1
5 -1 1 -1 2 -1 2 4 -1 2 -1 -2	2583	1
6 -1 1 2 -1 2 -1 2 3 -1 6 -1 -2	269	1
3 -1 1 -1 2 -1 2 5 -1 1 -1 3 -1 -2	2067	1
3 -1 1 4 -1 4 -1 1 -1 2 4 -1 -2	1087	1
6 -1 1 4 -1 1 -1 1 3 -1 4 -1 -2	444	1
5 -1 2 -1 1 -1 1 -1 3 -1 -2	5464	1
4 -1 1 5 -1 4 5 -1 3 5 -1 -2	3231	1
1 -1 5 -1 4 -1 1 4 -1 2 -1 -2	3195	1
5 -1 1 -1 5 -1 2 -1 1 -1 1 5 -1 -2	8680	1
3 -1 5 -1 1 4 -1 4 -1 5 -1 5 -1 -2	1878	1
3 -1 1 -1 5 -1 5 -1 1 -1 5 -1 -2	7397	1
4 -1 2 5 -1 5 -1 1 4 -1 2 -1 -2	2341	1
1 -1 2 -1 6 -1 1 5 -1 6 -1 -2	870	1
1 -1 1 -1 3 -1 2 -1 5 -1 1 -1 5 -1 -2	2565	1
5 -1 5 -1 5 -1 1 2 3 -1 2 -1 -2	2963	1
1 5 -1 1 -1 1 6 -1 1 -1 5 -1 -2	2545	1
4 -1 3 -1 2 -1 1 5 -1 2 -1 2 -1 -2	1094	1
1 2 3 -1 2 5 -1 3 -1 -2	3565	1
1 -1 2 -1 2 5 -1 5 -1 3 -1 -2	4066	1
1 -1 6 -1 3 5 -1 1 -1 1 3 -1 -2	934	1
1 2 -1 1 -1 1 -1 4 -1 1 -1 2 -1 -2	2512	1
1 -1 5 -1 1 -1 1 -1 3 -1 5 -1 -2	7554	1
1 -1 4 -1 1 -1 1 -1 5 -1 1 -1 6 -1 -2	590	1
1 -1 1 2 -1 5 -1 3 6 -1 1 -1 -2	536	1
4 -1 1 -1 1 4 -1 3 -1 4 -1 5 -1 -2	1470	1
6 -1 3 -1 6 -1 1 -1 1 -1 2 6 -1 -2	189	1
3 -1 1 -1 4 -1 1 5 -1 3 -1 -2	2839	1
1 -1 2 -1 1 -1 1 -1 4 -1 -2	4919	1
1 -1 2 -1 2 -1 3 -1 1 3 5 -1 -2	2682	1
2 -1 2 -1 1 3 -1 1 5 -1 2 -1 -2	2985	1
1 5 -1 1 3 -1 2 -1 1 -1 3 -1 -2	3521	1
1 5 -1 1 -1 2 -1 3 4 -1 5 -1 -2	1729	1
3 -1 5 -1 1 5 -1 5 -1 2 -1 1 -1 -2	3683	1
5 -1 5 -1 1 -1 1 -1 2 6 -1 1 -1 -2	834	1
2 5 -1 1 -1 2 -1 1 2 5 -1 -2	8247	1
5 -1 1 4 -1 3 -1 3 5 -1 5 -1 -2	2616	1
1 5 -1 1 4 -1 1 -1 1 3 -1 -2	3962	1
5 -1 1 2 5 -1 2 -1 1 -1 3 -1 -2	3636	1
5 -1 1 5 -1 1 5 -1 1 4 -1 -2	9092	1
3 -1 1 2 -1 1 -1 5 6 -1 1 -1 -2	705	1
2 -1 1 5 -1 5 -1 3 -1 2 5 -1 -2	3830	1
5 -1 1 3 -1 2 5 -1 5 -1 1 -1 -2	4523	1
4 -1 3 5 -1 3 4 -1 3 -1 3 -1 -2	1265	1
3 -1 2 6 -1 1 5 -1 3 -1 2 -1 -2	404	1
1 3 -1 4 -1 5 -1 1 -1 3 5 -1 -2	2522	1
5 -1 1 -1 1 -1 3 -1 1 3 -1 1 -1 -2	4877	1
4 -1 1 -1 2 -1 4 5 -1 2 -1 -2	2606	1
4 -1 1 -1 2 -1 1 -1 2 5 -1 1 -1 -2	2526	1
5 -1 1 -1 5 -1 1 -1 1 4 -1 -2	7998	1
3 -1 1 -1 3 5 -1 5 -1 1 -1 1 -1 -2	4871	1
4 -1 4 5 -1 4 5 -1 5 -1 -2	7046	1
1 2 -1 4 -1 3 -1 5 -1 1 -1 -2	2157	1
5 -1 1 -1 2 -1 5 -1 1 -1 3 -1 1 -1 -2	2587	1
2 -1 5 -1 1 -1 4 -1 1 2 -1 -2	3474	1
3 -1 3 -1 2 5 -1 1 -1 3 5 -1 -2	2850	1
2 -1 1 -1 1 -1 2 3 5 -1 1 -1 -2	2994	1
2 3 5 -1 4 5 -1 1 -1 4 -1 -2	1578	1
5 -1 4 5 -1 4 -1 5 -1 1 -1 2 -1 -2	2427	1
3 -1 1 -1 2 -1 2 -1 4 -1 1 -1 -2	1358	1
4 5 -1 1 -1 3 4 -1 3 -1 5 -1 -2	1712	1
2 -1 1 5 -1 1 3 -1 1 -1 2 -1 -2	3551	1
4 -1 5 -1 1 -1 2 -1 1 -1 1 6 -1 -2	521	1
4 -1 4 -1 1 -1 1 -1 -2	10011	1
5 -1 1 -1 1 5 -1 2 5 -1 1 -1 -2	10824	1
4 5 -1 1 -1 1 4 -1 -2	8775	1
1 -1 1 -1 1 -1 1 3 -1 2 -1 1 -1 -2	3648	1
1 5 6 -1 1 5 -1 3 -1 3 -1 -2	1101	1
4 -1 1 -1 1 -1 1 5 -1 4 -1 -2	5931	1
5 -1 5 -1 5 -1 1 -1 3 -1 1 5 -1 -2	7224	1
2 6 -1 1 -1 2 -1 2 -1 5 -1 1 -1 -2	584	1
2 -1 5 6 -1 1 4 5 -1 1 -1 -2	865	1
1 4 -1 2 3 -1 2 4 -1 -2	1473	1
4 -1 5 -1 4 -1 5 -1 1 -1 2 4 -1 -2	1489	1
1 -1 4 5 -1 1 2 3 6 -1 -2	332	1
3 -1 3 5 -1 1 -1 2 -1 5 -1 -2	3860	1
1 -1 3 -1 3 -1 1 3 -1 1 -1 -2	6116	2
3 -1 4 -1 1 4 -1 2 4 5 -1 -2	1308	1
5 -1 1 2 4 -1 1 -1 1 5 -1 -2	3730	1
1 2 -1 1 -1 2 -1 -2	16099	1
4 -1 6 -1 2 3 -1 3 4 5 -1 -2	272	1
3 -1 3 -1 3 5 -1 5 -1 5 -1 1 -1 -2	4062	1
1 -1 1 -1 2 5 -1 3 -1 2 3 -1 -2	2404	1
1 -1 2 5 -1 1 2 -1 5 -1 1 -1 -2	8041	1
1 -1 1 -1 2 -1 6 -1 6 -1 1 -1 -2	625	1
3 -1 1 5 -1 5 -1 4 -1 5 -1 -2	3708	1
5 -1 5 -1 1 -1 1 4 5 -1 -2	9114	1
3 5 -1 2 -1 2 -1 2 -1 5 -1 1 -1 -2	2236	1
1 -1 1 -1 3 6 -1 1 4 -1 2 -1 -2	351	1
1 2 -1 1 3 -1 4 5 -1 -2	2865	1
2 -1 3 5 -1 1 2 -1 1 5 -1 -2	4327	1
5 -1 1 -1 3 -1 2 3 -1 2 3 -1 -2	1855	1
3 -1 5 -1 2 -1 1 4 -1 3 -1 3 -1 -2	976	1
2 5 6 -1 5 -1 1 -1 3 -1 3 -1 -2	482	1
3 4 -1 5 -1 4 6 -1 6 -1 1 -1 -2	208	1
4 5 -1 1 2 -1 1 -1 4 -1 4 -1 -2	2260	1
1 -1 6 -1 1 -1 6 -1 1 -1 1 2 -1 -2	587	1
5 -1 1 -1 3 -1 2 -1 1 2 -1 -2	3758	1
1 -1 1 3 -1 6 -1 1 2 5 -1 -2	879	1
5 -1 3 -1 5 -1 3 -1 3 -1 1 5 -1 -2	4111	1
2 3 4 -1 3 -1 2 6 -1 4 -1 -2	217	1
4 -1 5 -1 1 6 -1 1 5 -1 4 -1 -2	800	1
1 -1 1 -1 1 -1 1 3 -1 -2	13021	1
5 -1 3 -1 1 -1 1 2 5 -1 2 -1 -2	3496	1
1 2 -1 3 -1 3 -1 5 -1 1 3 -1 -2	2696	1
2 5 -1 2 -1 2 -1 1 -1 1 -1 -2	7773	1
5 -1 3 -1 1 -1 1 -1 2 -1 5 -1 1 -1 -2	2583	1
1 6 -1 1 -1 5 -1 3 -1 2 -1 5 -1 -2	589	1
5 -1 1 -1 3 -1 3 -1 1 -1 4 6 -1 -2	282	1
4 5 -1 2 5 -1 1 4 -1 2 -1 -2	2958	1
1 2 -1 5 -1 2 5 -1 1 5 -1 -2	10117	1
5 -1 1 3 -1 2 5 -1 3 -1 1 -1 -2	3469	1
1 -1 1 4 -1 2 -1 3 -1 1 -1 4 -1 -2	1157	1
1 -1 2 -1 1 6 -1 1 5 -1 5 -1 -2	1403	1
2 5 -1 3 -1 3 5 -1 1 -1 1 -1 -2	3431	1
1 3 -1 1 -1 1 -1 1 -1 6 -1 4 -1 -2	450	1
1 3 4 -1 6 -1 5 -1 1 -1 2 -1 -2	372	1
1 2 -1 2 -1 2 -1 2 5 -1 5 -1 -2	5817	1
1 5 -1 2 -1 1 3 5 -1 5 -1 -2	5366	1
1 -1 5 -1 1 -1 1 4 -1 1 -1 -2	8117	1
1 -1 5 -1 4 -1 1 5 -1 1 -1 5 -1 -2	6036	1
3 4 -1 1 -1 1 2 -1 1 4 -1 -2	1544	1
5 -1 1 -1 4 -1 4 -1 3 -1 2 -1 5 -1 -2	880	1
2 -1 1 5 -1 3 -1 3 5 -1 1 -1 -2	3474	1
1 3 -1 1 -1 2 -1 2 5 -1 3 -1 -2	2699	1
1 -1 3 -1 4 -1 1 -1 2 -1 4 -1 3 -1 -2	616	1
3 5 -1 5 -1 1 5 -1 1 4 -1 -2	3929	1
4 -1 4 -1 4 -1 1 2 4 -1 2 -1 -2	1329	1
4 6 -1 1 2 -1 1 3 -1 -2	467	1
5 -1 1 5 -1 2 5 -1 1 -1 5 -1 -2	11205	1
5 -1 3 -1 2 -1 1 3 -1 2 3 -1 -2	2020	1
1 3 -1 3 -1 3 -1 1 -1 1 4 -1 -2	2096	1
2 4 5 -1 4 -1 4 5 -1 3 -1 -2	1407	1
3 -1 5 -1 5 -1 1 -1 4 5 -1 5 -1 -2	2688	1
4 -1 2 6 -1 1 2 -1 1 -1 1 -1 -2	482	1
1 -1 6 -1 3 5 -1 2 3 -1 4 -1 -2	327	1
3 5 -1 1 -1 5 -1 1 3 -1 -2	8532	1
3 -1 1 -1 2 -1 2 -1 2 3 -1 -2	2209	1
1 -1 1 3 -1 5 -1 1 -1 1 -1 1 -1 -2	6546	1
3 -1 1 -1 1 3 -1 1 -1 5 -1 -2	6995	1
2 -1 1 4 -1 2 -1 5 -1 1 4 -1 -2	2248	1
6 -1 1 5 -1 1 5 -1 1 -1 6 -1 -2	1541	1
6 -1 1 -1 5 -1 6 -1 2 -1 5 6 -1 -2	377	1
1 3 4 -1 4 -1 5 -1 1 5 -1 -2	2438	1
5 -1 3 -1 1 -1 1 -1 1 5 6 -1 -2	1125	1
4 5 -1 3 4 5 -1 1 4 -1 -2	2362	1
4 -1 1 -1 6 -1 4 -1 3 5 -1 -2	506	1
3 6 -1 4 -1 4 -1 3 -1 2 -1 -2	242	1
1 4 -1 1 5 -1 3 -1 2 4 -1 -2	1637	1
4 -1 5 -1 5 -1 1 3 5 -1 4 -1 -2	2429	1
1 -1 1 -1 6 -1 4 -1 4 -1 2 -1 3 -1 -2	190	1
1 -1 2 -1 1 -1 1 2 -1 1 -1 -2	9383	1
1 5 -1 4 -1 6 -1 3 -1 1 3 -1 -2	487	1
4 5 -1 1 3 -1 5 -1 1 -1 1 -1 -2	3307	1
1 -1 1 -1 3 -1 5 -1 5 -1 1 4 -1 -2	2579	1
1 -1 2 -1 2 -1 1 -1 1 -1 1 2 -1 -2	5059	1
5 -1 3 -1 3 -1 4 -1 1 2 -1 3 -1 -2	1036	1
2 -1 1 -1 4 5 -1 2 3 4 -1 -2	1034	1
4 -1 2 -1 4 -1 5 -1 3 -1 5 -1 4 -1 -2	639	1
1 -1 1 2 -1 1 3 -1 5 6 -1 -2	883	1
1 -1 6 -1 3 -1 1 -1 -2	1795	1
2 -1 1 -1 4 -1 2 -1 1 -1 5 -1 4 -1 -2	1211	1
4 -1 4 -1 2 -1 1 2 5 -1 2 -1 -2	2041	1
1 -1 2 -1 2 3 -1 1 5 -1 -2	4037	1
5 -1 1 -1 5 -1 5 -1 1 -1 3 5 -1 -2	7084	1
5 -1 2 -1 3 6 -1 2 5 -1 4 -1 -2	287	1
3 -1 3 5 6 -1 2 -1 3 5 -1 -2	524	1
1 -1 4 5 -1 4 5 -1 1 -1 -2	7245	1
3 -1 1 3 -1 3 -1 3 5 -1 5 -1 -2	4464	1
1 -1 2 -1 1 -1 1 -1 3 -1 1 5 -1 -2	3643	1
2 -1 3 5 -1 1 2 -1 5 -1 5 -1 -2	3631	1
1 -1 4 -1 1 -1 3 -1 1 -1 2 -1 4 -1 -2	827	1
2 -1 1 -1 1 -1 3 5 -1 4 -1 -2	2215	1
3 -1 1 -1 6 -1 3 5 -1 1 5 -1 -2	957	1
2 -1 3 5 -1 5 -1 1 -1 1 -1 2 -1 -2	2766	1
4 -1 5 -1 1 -1 1 -1 3 6 -1 -2	477	1
1 -1 1 -1 5 -1 4 5 -1 -2	10551	1
1 5 -1 1 -1 3 5 -1 5 -1 1 -1 -2	8716	1
1 -1 5 -1 1 3 -1 3 -1 1 4 -1 -2	2529	1
2 5 -1 1 -1 1 -1 1 -1 4 -1 2 -1 -2	2527	1
5 -1 3 -1 6 -1 5 -1 6 -1 1 5 -1 -2	511	1
1 3 5 -1 5 -1 1 3 5 -1 -2	8554	1
4 -1 5 -1 1 -1 1 -1 3 -1 6 -1 -2	485	1
6 -1 1 -1 1 -1 1 -1 2 6 -1 -2	707	1
2 -1 1 5 -1 1 -1 1 4 -1 -2	5135	1
4 -1 1 3 -1 2 -1 5 -1 1 2 -1 -2	1696	1
1 3 4 5 -1 1 -1 2 -1 2 -1 -2	1599	1
1 -1 4 -1 1 -1 5 -1 5 -1 3 -1 2 -1 -2	1210	1
1 5 -1 1 -1 2 -1 1 -1 1 -1 5 -1 -2	8593	1
1 -1 5 6 -1 5 -1 5 -1 1 -1 1 -1 -2	1986	1
1 2 -1 5 6 -1 4 5 -1 1 -1 -2	884	1
3 -1 3 -1 3 5 -1 1 -1 1 -1 -2	5731	1
2 -1 1 -1 1 5 -1 1 -1 -2	15413	1
3 -1 1 3 5 -1 2 -1 1 3 -1 -2	3423	1
3 -1 1 -1 3 -1 2 3 -1 5 -1 4 -1 -2	918	1
1 -1 5 -1 1 5 -1 3 5 -1 -2	11469	1
6 -1 6 -1 1 3 6 -1 1 5 -1 -2	473	1
2 -1 2 3 -1 1 -1 4 -1 1 -1 2 -1 -2	1030	1
3 -1 1 5 -1 1 5 -1 5 -1 2 -1 -2	4827	1
1 -1 3 -1 1 -1 1 3 5 -1 4 -1 -2	2578	1
1 3 -1 1 2 -1 1 -1 1 -1 2 -1 -2	3448	1
1 5 -1 2 -1 1 -1 5 6 -1 -2	1779	1
5 -1 4 -1 1 -1 4 6 -1 5 -1 -2	574	1
3 4 -1 5 -1 5 -1 1 3 -1 2 -1 -2	1408	1
2 -1 3 -1 1 -1 4 5 -1 1 -1 -2	2199	1
1 5 -1 1 -1 1 5 -1 1 -1 2 -1 -2	11214	1
1 -1 4 -1 5 -1 1 5 -1 5 -1 -2	8399	1
2 3 -1 1 -1 5 -1 5 -1 5 -1 -2	4145	1
3 -1 1 -1 1 5 -1 1 3 -1 1 -1 -2	6486	1
1 5 -1 2 5 -1 2 -1 1 -1 -2	11413	1
2 3 -1 1 -1 1 -1 1 -1 1 4 -1 -2	1758	1
3 5 -1 2 4 -1 1 5 -1 3 -1 -2	1749	1
1 -1 1 -1 5 -1 1 -1 5 -1 1 5 -1 -2	18506	1
1 5 -1 1 -1 1 -1 1 -1 1 4 -1 -2	7589	1
4 -1 1 4 -1 2 5 -1 1 -1 1 -1 -2	2981	1
3 -1 3 -1 3 -1 1 -1 1 -1 6 -1 -2	648	1
5 -1 6 -1 5 6 -1 6 -1 2 6 -1 -2	340	1
3 -1 4 -1 6 -1 1 6 -1 -2	443	1
1 -1 1 5 -1 5 -1 1 3 6 -1 -2	960	1
1 3 -1 5 -1 5 -1 2 3 -1 4 -1 -2	1439	1
3 4 -1 1 -1 1 3 -1 1 -1 5 -1 -2	2172	1
5 -1 5 6 -1 1 2 5 -1 1 -1 -2	1697	1
6 -1 2 -1 2 -1 3 -1 1 -1 2 -1 -2	420	1
1 -1 3 -1 1 3 -1 1 2 5 -1 -2	4016	1
1 3 5 6 -1 6 -1 6 -1 5 -1 -2	467	1
5 -1 5 -1 1 -1 1 -1 5 -1 4 -1 -2	6712	1
1 3 6 -1 1 -1 5 -1 4 -1 6 -1 -2	270	1
2 -1 1 -1 2 6 -1 1 4 -1 1 -1 -2	486	1
1 -1 1 -1 2 -1 1 -1 3 4 -1 1 -1 -2	1333	1
5 -1 1 -1 1 2 -1 1 -1 2 -1 3 -1 -2	2780	1
3 -1 1 -1 2 4 -1 2 -1 2 -1 1 -1 -2	965	1
6 -1 4 -1 3 -1 2 4 -1 1 -1 5 -1 -2	254	1
3 6 -1 5 -1 3 -1 5 -1 1 -1 -2	769	1
1 -1 2 5 -1 1 -1 1 -1 4 6 -1 -2	497	1
5 -1 1 -1 1 -1 1 -1 4 5 -1 -2	8124	1
1 -1 1 2 4 -1 5 -1 3 -1 1 -1 -2	1735	1
1 6 -1 1 -1 1 6 -1 3 -1 4 -1 -2	387	1
5 -1 1 6 -1 5 -1 1 2 -1 1 -1 -2	1423	1
1 2 -1 1 -1 5 -1 1 6 -1 1 -1 -2	1296	1
2 -1 2 4 -1 1 4 -1 1 -1 -2	2793	1
5 -1 1 2 -1 5 -1 1 5 -1 1 -1 -2	10576	1
2 5 -1 5 -1 2 -1 2 5 -1 5 -1 -2	8450	1
5 -1 1 5 -1 3 -1 5 -1 4 -1 -2	3850	1
4 -1 1 -1 5 -1 1 -1 2 -1 5 -1 5 -1 -2	2405	1
1 -1 1 -1 1 2 -1 3 5 -1 3 -1 -2	3378	1
3 -1 1 2 -1 2 4 -1 1 -1 4 -1 -2	1097	1
1 -1 5 -1 2 -1 1 5 -1 1 -1 2 -1 -2	6334	1
3 -1 1 2 -1 1 -1 6 -1 6 -1 1 -1 -2	312	1
2 3 4 -1 1 3 -1 3 -1 5 -1 -2	1118	1
4 5 -1 2 -1 3 6 -1 3 -1 5 -1 -2	311	1
1 2 -1 1 4 -1 2 -1 4 -1 1 -1 -2	2316	1
5 -1 5 -1 1 -1 2 -1 3 5 -1 1 -1 -2	3735	1
5 -1 1 -1 2 5 -1 5 -1 1 -1 3 -1 -2	3760	1
1 5 -1 1 4 -1 4 -1 1 -1 3 -1 -2	2574	1
1 5 -1 5 -1 2 -1 1 5 -1 1 -1 -2	11437	1
3 -1 4 -1 2 -1 2 3 -1 1 -1 -2	1230	1
4 5 -1 2 -1 2 -1 3 -1 3 -1 1 -1 -2	1008	1
2 -1 5 -1 1 5 -1 1 -1 1 5 -1 -2	11070	1
1 -1 3 5 -1 1 -1 5 -1 -2	12069	1
3 -1 1 -1 4 -1 2 -1 5 -1 5 -1 4 -1 -2	831	1
2 4 -1 2 5 -1 4 -1 3 5 -1 -2	1480	1
1 5 -1 1 -1 1 -1 1 -1 4 5 -1 -2	7565	1
6 -1 3 -1 5 -1 1 3 -1 1 4 -1 -2	479	1
1 2 -1 1 3 6 -1 1 6 -1 -2	470	1
2 -1 1 -1 5 -1 5 -1 1 2 -1 5 -1 -2	6225	1
2 5 -1 4 -1 5 -1 1 4 -1 1 -1 -2	2876	1
5 6 -1 2 -1 1 2 -1 2 3 -1 -2	601	1
3 5 -1 1 -1 1 -1 3 -1 4 -1 -2	2820	1
3 5 -1 1 5 -1 5 -1 4 -1 1 -1 -2	3411	1
5 -1 2 5 -1 2 -1 4 -1 3 5 -1 -2	1834	1
5 -1 1 -1 1 5 -1 1 2 -1 2 -1 -2	8175	1
1 5 -1 4 -1 1 -1 4 5 -1 5 -1 -2	5531	1
3 5 -1 3 -1 1 -1 2 -1 1 2 -1 -2	2685	1
1 -1 1 -1 1 -1 1 5 -1 5 -1 1 -1 -2	18533	1
1 -1 1 4 5 -1 2 5 -1 4 -1 -2	3440	1
1 2 -1 1 3 4 -1 5 -1 4 -1 -2	1479	1
2 -1 1 2 -1 1 -1 5 6 -1 -2	1427	1
4 5 -1 1 6 -1 5 -1 6 -1 4 -1 -2	436	1
1 -1 1 2 -1 3 -1 2 3 -1 1 -1 -2	2377	1
1 -1 5 -1 1 -1 1 -1 5 -1 5 -1 1 -1 -2	12719	1
1 2 -1 1 -1 1 -1 1 -1 3 5 -1 -2	4486	1
6 -1 5 -1 2 -1 1 -1 4 -1 4 -1 5 -1 -2	296	1
4 -1 1 -1 1 5 -1 4 5 -1 -2	7251	1
2 6 -1 1 -1 5 -1 1 3 -1 1 -1 -2	579	1
1 -1 4 -1 5 -1 2 -1 1 -1 2 -1 -2	2710	1
5 -1 4 5 -1 5 -1 1 -1 4 -1 4 -1 -2	3098	1
1 2 -1 5 -1 1 -1 5 -1 5 -1 3 -1 -2	3662	1
1 4 -1 1 6 -1 1 6 -1 6 -1 -2	565	1
2 3 -1 4 5 -1 4 -1 1 -1 5 -1 -2	1378	1
1 2 5 6 -1 5 -1 1 -1 -2	1378	1
5 6 -1 5 -1 5 -1 1 2 -1 3 -1 -2	764	1
4 -1 1 -1 1 -1 4 -1 1 5 -1 -2	6105	1
1 5 -1 1 -1 1 -1 1 -1 1 -1 4 -1 -2	6179	1
3 -1 1 2 3 -1 4 -1 1 5 -1 -2	1711	1
2 5 -1 1 2 -1 1 5 -1 1 -1 -2	10102	1
2 3 -1 1 5 -1 5 -1 1 -1 1 -1 -2	3805	1
1 -1 3 -1 1 -1 5 -1 2 -1 1 -1 -2	3869	1
3 5 -1 5 -1 1 -1 6 -1 1 -1 2 -1 -2	599	1
2 -1 4 -1 4 -1 1 -1 5 -1 5 -1 3 -1 -2	847	1
5 -1 1 -1 1 3 -1 1 -1 -2	11998	1
1 -1 2 -1 5 -1 1 3 5 -1 1 -1 -2	4470	1
1 -1 3 -1 2 3 -1 1 2 5 -1 -2	2874	1
5 -1 3 4 -1 6 -1 1 -1 1 5 -1 -2	509	1
1 -1 1 4 -1 1 -1 3 -1 1 5 -1 -2	3403	1
1 2 -1 5 -1 5 -1 2 -1 1 -1 5 -1 -2	6325	1
4 -1 6 -1 5 -1 1 6 -1 2 4 -1 -2	267	1
1 -1 1 -1 1 -1 3 6 -1 1 -1 -2	898	1
1 5 -1 4 -1 5 -1 5 -1 1 3 -1 -2	3413	1
1 -1 4 -1 1 -1 3 -1 1 -1 1 3 -1 -2	2007	1
3 -1 5 -1 1 5 -1 3 -1 2 -1 4 -1 -2	1262	1
1 -1 1 -1 4 -1 2 -1 5 -1 4 -1 -2	2442	1
1 5 -1 1 6 -1 5 -1 5 -1 1 -1 -2	2548	1
2 -1 1 5 -1 6 -1 6 -1 -2	1137	1
3 -1 2 -1 5 -1 1 3 -1 1 -1 2 -1 -2	2005	1
1 3 -1 5 -1 1 -1 6 -1 1 -1 6 -1 -2	473	1
4 -1 5 -1 5 -1 1 5 -1 5 -1 2 -1 -2	3477	1
1 -1 1 5 -1 1 2 -1 1 -1 1 -1 -2	10652	1
5 -1 1 5 -1 1 3 -1 3 -1 -2	8871	1
2 -1 1 -1 4 -1 1 2 -1 4 -1 4 -1 -2	1309	1
1 3 -1 1 3 -1 1 -1 3 -1 -2	7768	1
3 -1 2 -1 4 -1 4 -1 2 -1 3 -1 2 -1 -2	434	1
3 -1 3 -1 6 -1 3 -1 5 -1 5 6 -1 -2	334	1
1 -1 1 5 -1 5 -1 1 -1 2 -1 -2	12090	1
1 -1 1 -1 5 -1 4 -1 1 -1 -2	9303	1
1 5 -1 1 2 -1 1 4 -1 2 -1 -2	3957	1
4 -1 5 -1 1 5 -1 1 -1 3 -1 -2	3736	1
1 -1 5 -1 2 -1 1 4 -1 5 -1 4 -1 -2	2220	1
1 -1 1 5 -1 3 -1 1 -1 2 -1 4 -1 -2	1654	1
4 -1 1 -1 1 -1 5 6 -1 -2	1385	1
4 -1 1 -1 2 4 5 -1 1 -1 -2	3192	1
5 -1 1 2 -1 2 -1 1 -1 1 -1 4 -1 -2	2505	1
1 -1 4 5 -1 2 -1 3 -1 1 4 -1 -2	1523	1
3 -1 6 -1 2 4 6 -1 2 -1 -2	193	1
4 -1 2 -1 1 -1 1 -1 1 -1 4 -1 -2	2454	1
5 -1 1 2 -1 1 5 -1 5 -1 3 -1 -2	4727	1
1 4 -1 1 5 -1 1 3 -1 -2	4697	1
4 -1 1 -1 1 2 -1 3 4 -1 6 -1 -2	290	1
3 -1 3 5 -1 3 -1 1 5 -1 5 -1 -2	5517	1
3 -1 6 -1 5 -1 3 5 -1 6 -1 4 -1 -2	198	1
2 -1 1 5 -1 1 -1 1 -1 1 2 -1 -2	8107	1
2 -1 1 4 5 -1 2 -1 2 6 -1 -2	514	1
5 -1 5 -1 2 -1 3 -1 2 -1 6 -1 6 -1 -2	186	1
1 5 -1 6 -1 1 -1 -2	4528	1
2 -1 1 -1 1 3 5 -1 1 -1 5 -1 -2	4354	1
5 -1 1 3 5 -1 1 -1 2 -1 3 -1 -2	3479	1
1 5 -1 1 -1 4 6 -1 4 6 -1 -2	356	1
2 -1 5 -1 2 4 -1 6 -1 4 -1 1 -1 -2	307	1
1 2 4 -1 4 -1 1 -1 1 -1 1 -1 -2	2486	1
4 -1 1 -1 5 -1 3 -1 4 -1 1 -1 -2	2020	1
1 5 6 -1 5 -1 1 6 -1 -2	2262	1
1 2 -1 3 5 -1 5 -1 3 -1 -2	4501	1
2 -1 1 2 5 -1 3 -1 1 3 -1 -2	3307	1
2 -1 1 2 -1 2 5 -1 3 -1 -2	4057	1
2 3 6 -1 1 -1 3 5 6 -1 -2	292	1
1 3 5 -1 2 -1 4 -1 2 4 -1 -2	1333	1
2 -1 1 -1 5 -1 5 -1 4 -1 1 -1 1 -1 -2	2299	1
2 5 -1 3 -1 1 -1 2 -1 -2	5094	1
2 -1 5 -1 2 3 -1 2 -1 1 -1 1 -1 -2	2014	1
1 -1 3 -1 3 5 -1 5 -1 1 -1 -2	7068	1
1 3 -1 1 -1 2 4 -1 4 -1 4 -1 -2	1064	1
1 -1 1 -1 4 -1 2 -1 2 -1 3 -1 3 -1 -2	669	1
6 -1 1 4 -1 1 -1 1 -1 1 5 -1 -2	1117	1
1 3 -1 5 -1 2 -1 3 -1 1 -1 -2	3627	1
3 -1 5 -1 3 -1 2 -1 1 5 -1 -2	3867	1
2 5 -1 2 -1 1 -1 4 -1 2 5 -1 -2	2835	1
1 2 -1 1 -1 1 3 -1 1 4 -1 -2	2400	1
2 -1 4 -1 1 5 -1 6 -1 2 4 -1 -2	395	1
2 -1 1 -1 2 5 6 -1 -2	1357	1
1 -1 2 5 -1 2 -1 1 -1 5 -1 -2	9300	1
1 -1 3 -1 1 -1 5 -1 5 -1 5 -1 5 -1 -2	4938	1
2 4 -1 1 2 -1 1 3 -1 2 -1 -2	1542	1
1 3 -1 1 -1 5 -1 1 -1 1 -1 1 -1 -2	6424	1
3 -1 1 5 -1 2 6 -1 1 -1 -2	728	1
1 -1 5 -1 3 5 -1 1 -1 1 3 -1 -2	6347	1
5 -1 2 -1 2 5 -1 5 -1 1 2 -1 -2	6921	1
1 -1 1 -1 5 -1 1 5 -1 1 -1 1 -1 -2	18553	1
1 3 -1 5 -1 1 6 -1 1 -1 1 -1 -2	1139	1
1 -1 1 -1 1 -1 -2	61214	1
1 -1 3 5 -1 5 -1 5 -1 5 -1 5 -1 -2	7189	1
6 -1 5 -1 5 -1 1 5 -1 3 6 -1 -2	546	1
1 5 -1 2 3 -1 1 -1 5 -1 2 -1 -2	3107	1
2 -1 1 -1 5 -1 1 -1 1 -1 1 5 -1 -2	8354	1
1 5 -1 1 -1 5 -1 3 5 -1 1 -1 -2	8855	1
5 -1 6 -1 6 -1 1 6 -1 1 5 -1 -2	1000	1
2 3 -1 1 -1 1 -1 1 3 -1 -2	3903	1
2 -1 1 5 -1 2 -1 2 4 5 -1 -2	2859	1
4 6 -1 3 4 -1 2 6 -1 4 -1 -2	143	1
5 -1 1 5 -1 1 5 -1 1 -1 1 -1 -2	25107	1
4 -1 1 -1 1 4 -1 4 -1 2 5 -1 -2	2344	1
3 -1 1 -1 3 -1 5 -1 1 5 -1 -2	7275	1
1 2 -1 2 -1 5 -1 3 -1 5 6 -1 -2	638	1
1 -1 2 4 -1 4 6 -1 1 -1 2 -1 -2	328	1
3 -1 1 4 -1 4 -1 -2	4260	1
2 -1 1 4 -1 4 -1 1 2 5 -1 -2	2815	1
5 -1 6 -1 1 -1 2 -1 2 -1 2 -1 -2	785	1
1 -1 1 2 -1 5 -1 2 5 -1 -2	10738	1
2 4 -1 1 -1 1 2 -1 2 4 -1 -2	2036	1
2 -1 1 -1 2 -1 1 -1 5 -1 1 -1 2 -1 -2	3377	1
1 5 -1 3 -1 1 -1 5 -1 1 5 -1 -2	8900	1
1 3 5 -1 5 -1 1 -1 2 -1 -2	5584	1
5 6 -1 5 -1 1 -1 6 -1 1 5 -1 -2	1587	1
2 -1 5 -1 6 -1 5 -1 5 -1 1 4 -1 -2	587	1
1 3 5 -1 1 4 -1 1 -1 3 -1 -2	3008	1
2 -1 5 -1 3 -1 2 -1 1 2 5 -1 -2	2962	1
2 -1 5 -1 5 -1 1 -1 5 -1 1 -1 -2	9313	1
2 -1 1 -1 4 -1 1 4 -1 3 -1 1 -1 -2	1183	1
4 -1 1 -1 4 -1 4 -1 5 -1 2 4 -1 -2	1210	1
2 -1 1 -1 2 -1 2 -1 4 5 -1 4 -1 -2	1417	1
6 -1 1 -1 3 -1 6 -1 1 2 5 -1 -2	444	1
1 -1 1 2 3 -1 4 5 -1 2 -1 -2	1766	1
2 4 -1 2 4 -1 2 -1 2 6 -1 -2	341	1
1 -1 1 -1 2 -1 4 -1 5 -1 2 3 -1 -2	1180	1
1 5 -1 1 2 5 -1 2 4 -1 -2	3793	1
1 2 3 5 -1 1 -1 2 -1 1 -1 -2	3347	1
4 -1 2 -1 2 -1 1 5 -1 3 -1 -2	1859	1
3 -1 1 2 -1 2 -1 2 5 -1 -2	3817	1
1 -1 1 -1 1 -1 1 -1 -2	49424	1
2 -1 5 -1 2 -1 5 -1 2 -1 5 -1 3 -1 -2	1722	1
4 5 -1 1 -1 5 -1 -2	12939	1
1 -1 1 3 -1 1 -1 3 -1 -2	10335	1
3 4 -1 4 -1 3 5 -1 4 -1 1 -1 -2	1353	1
3 -1 2 -1 1 4 5 -1 1 -1 1 -1 -2	2005	1
4 -1 2 -1 1 -1 1 3 -1 6 -1 2 -1 -2	278	1
2 3 -1 1 -1 -2	7370	1
2 -1 5 -1 1 4 -1 1 -1 1 -1 2 -1 -2	2420	1
2 3 -1 1 -1 1 -1 1 -1 2 3 -1 -2	2265	1
1 -1 1 2 -1 3 -1 5 -1 1 -1 1 -1 -2	3451	1
1 -1 1 -1 1 -1 1 3 5 -1 1 -1 -2	8281	1
4 -1 1 -1 4 -1 1 -1 1 4 5 -1 -2	3994	1
3 -1 2 -1 1 2 -1 5 6 -1 1 -1 -2	593	1
1 -1 4 5 -1 1 5 -1 2 -1 6 -1 -2	694	1
6 -1 1 -1 1 5 -1 6 -1 1 -1 6 -1 -2	701	1
4 -1 4 5 -1 1 -1 2 -1 1 -1 2 -1 -2	1808	1
6 -1 1 -1 1 5 -1 5 -1 5 -1 5 -1 -2	2091	1
1 2 5 -1 1 -1 1 -1 5 -1 1 -1 -2	9906	1
1 -1 5 -1 3 -1 1 -1 1 -1 1 3 -1 -2	4881	1
1 3 -1 3 5 -1 3 -1 3 -1 5 -1 -2	4470	1
1 -1 2 -1 1 -1 2 -1 1 5 -1 1 -1 -2	6466	1
1 -1 1 -1 3 -1 5 -1 -2	14102	1
3 -1 5 -1 3 -1 5 -1 5 -1 2 5 -1 -2	2942	1
2 4 -1 1 -1 3 -1 1 -1 5 -1 5 -1 -2	1421	1
3 -1 3 -1 1 5 -1 2 -1 5 -1 2 -1 -2	2166	1
3 -1 1 -1 1 3 6 -1 1 2 -1 -2	548	1
1 4 5 -1 1 -1 3 4 5 -1 -2	2686	1
2 3 -1 4 -1 1 2 4 -1 5 -1 -2	1190	1
1 2 -1 4 -1 1 -1 1 -1 2 -1 3 -1 -2	1289	1
3 -1 1 -1 3 -1 3 -1 1 5 -1 1 -1 -2	3875	1
1 5 -1 6 -1 3 -1 6 -1 4 6 -1 -2	190	1
1 -1 5 -1 1 5 -1 1 4 -1 -2	9665	1
1 -1 5 6 -1 6 -1 1 -1 5 -1 2 -1 -2	639	1
1 5 -1 1 -1 1 -1 2 -1 5 -1 1 -1 -2	8589	1
1 5 -1 5 -1 5 -1 2 3 -1 1 -1 -2	3957	1
1 -1 5 -1 5 6 -1 5 -1 1 4 -1 -2	1163	1
4 5 -1 2 -1 4 -1 4 -1 4 -1 -2	2159	1
1 -1 1 5 -1 4 -1 2 -1 1 4 -1 -2	2935	1
3 -1 1 -1 2 -1 1 -1 2 -1 -2	4279	1
1 2 -1 1 2 -1 4 -1 1 -1 6 -1 -2	577	1
3 -1 6 -1 2 -1 5 6 -1 2 3 -1 -2	258	1
3 4 -1 2 -1 1 -1 3 -1 1 -1 -2	1464	1
3 -1 2 5 -1 1 3 -1 1 -1 4 -1 -2	1606	1
1 3 -1 3 5 -1 1 -1 1 4 -1 -2	3041	1
1 -1 1 -1 5 -1 5 -1 2 -1 5 -1 -2	9476	1
1 6 -1 1 -1 3 5 -1 1 3 -1 -2	1081	1
4 6 -1 1 -1 1 -1 4 6 -1 5 -1 -2	286	1
1 5 -1 4 -1 1 -1 1 6 -1 1 -1 -2	1051	1
2 -1 1 2 -1 1 -1 1 -1 -2	12835	1
1 2 -1 1 -1 5 -1 5 -1 2 3 -1 -2	3075	1
1 -1 6 -1 4 5 6 -1 1 5 -1 -2	591	1
4 -1 1 -1 3 4 -1 3 5 -1 1 -1 -2	1692	1
3 5 -1 1 5 -1 1 -1 2 -1 5 -1 -2	4686	1
1 5 -1 2 -1 3 -1 1 -1 4 -1 -2	2216	1
2 -1 1 -1 2 -1 2 3 -1 1 6 -1 -2	488	1
5 -1 1 -1 1 -1 1 5 -1 6 -1 5 -1 -2	1945	1
1 2 3 -1 1 6 -1 5 -1 -2	854	1
3 5 -1 4 -1 4 -1 5 -1 1 -1 3 -1 -2	1487	1
5 -1 6 -1 2 6 -1 2 -1 5 -1 1 -1 -2	413	1
3 -1 4 -1 6 -1 3 5 -1 3 -1 1 -1 -2	296	1
4 -1 3 -1 2 -1 1 3 -1 2 -1 1 -1 -2	988	1
2 3 -1 4 5 -1 3 -1 1 -1 4 -1 -2	1069	1
5 -1 1 5 -1 1 5 -1 4 -1 -2	10437	1
2 -1 4 5 -1 4 -1 1 -1 2 3 -1 -2	1153	1
3 -1 2 -1 1 -1 1 -1 5 -1 2 -1 1 -1 -2	1864	1
4 -1 1 -1 6 -1 1 4 -1 -2	1080	1
1 2 5 -1 1 -1 3 5 6 -1 -2	749	1
1 -1 1 -1 2 -1 4 -1 5 -1 2 5 -1 -2	2505	1
1 5 -1 1 4 -1 1 5 -1 1 -1 -2	8759	1
3 -1 3 -1 1 2 -1 3 5 -1 5 -1 -2	2815	1
5 -1 3 -1 1 5 -1 1 -1 1 -1 2 -1 -2	3666	1
1 -1 1 -1 2 -1 3 4 -1 1 -1 2 -1 -2	1086	1
4 -1 6 -1 1 4 -1 2 -1 2 5 -1 -2	462	1
4 -1 4 -1 1 2 5 -1 4 -1 5 -1 -2	2266	1
1 -1 4 -1 1 3 4 5 -1 -2	2742	1
4 -1 4 -1 2 -1 1 3 -1 1 4 -1 -2	1208	1
6 -1 4 -1 5 -1 5 -1 1 3 -1 3 -1 -2	365	1
1 5 -1 1 -1 4 5 -1 2 4 -1 -2	3176	1
1 -1 6 -1 4 5 -1 2 4 -1 5 -1 -2	492	1
3 -1 6 -1 5 -1 -2	2173	1
5 -1 4 -1 1 -1 1 4 5 -1 1 -1 -2	5138	1
5 -1 1 2 -1 1 5 6 -1 5 -1 -2	1534	1
1 -1 1 5 -1 3 -1 1 -1 3 4 -1 -2	2155	1
1 -1 2 -1 4 -1 1 -1 3 4 -1 3 -1 -2	767	1
1 -1 2 -1 4 -1 3 5 -1 3 -1 2 -1 -2	981	1
1 2 -1 5 -1 2 -1 2 -1 1 -1 2 -1 -2	4194	1
1 5 -1 1 5 -1 1 5 -1 4 -1 -2	9726	1
2 4 -1 4 -1 5 -1 2 -1 -2	3265	1
5 -1 1 -1 1 -1 2 3 -1 1 -1 -2	4080	1
5 -1 2 -1 1 -1 1 2 -1 -2	12051	1
1 -1 1 -1 1 -1 5 -1 1 4 -1 -2	8086	1
3 4 5 -1 5 -1 1 4 5 -1 -2	2744	1
4 -1 2 -1 1 -1 2 4 -1 4 5 -1 -2	1648	1
2 -1 1 -1 5 -1 2 -1 -2	14275	1
1 -1 1 -1 1 -1 1 -1 5 -1 -2	31271	1
1 -1 3 -1 3 -1 4 -1 3 -1 1 5 -1 -2	1623	1
6 -1 1 6 -1 3 -1 1 -1 1 6 -1 -2	465	1
5 -1 1 3 6 -1 6 -1 4 -1 1 -1 -2	270	1
2 -1 1 5 -1 1 -1 2 -1 5 -1 4 -1 -2	2566	1
3 5 -1 2 4 -1 4 -1 2 -1 -2	1499	1
1 -1 3 -1 4 -1 2 4 -1 3 -1 1 -1 -2	816	1
1 -1 6 -1 5 -1 1 -1 1 -1 1 3 -1 -2	934	1
1 2 -1 1 2 -1 4 -1 4 -1 -2	3128	1
5 -1 1 -1 1 -1 3 -1 1 5 -1 -2	9836	1
1 -1 4 -1 1 5 -1 5 -1 2 5 -1 -2	4241	1
1 3 -1 4 5 -1 4 -1 2 -1 -2	1965	1
3 -1 3 -1 1 3 -1 3 5 -1 5 -1 -2	4465	1
1 -1 3 6 -1 1 -1 1 -1 1 3 -1 -2	729	1
3 6 -1 2 3 -1 6 -1 1 4 -1 -2	215	1
1 -1 3 6 -1 1 3 4 -1 1 -1 -2	404	1
1 -1 2 -1 5 -1 1 4 -1 1 3 -1 -2	2088	1
1 -1 6 -1 1 -1 4 5 -1 1 5 -1 -2	1173	1
1 -1 4 -1 5 -1 1 -1 5 -1 -2	9082	1
1 4 5 -1 1 -1 6 -1 2 6 -1 -2	418	1
5 -1 1 -1 1 5 -1 1 -1 4 -1 -2	8487	1
4 6 -1 5 -1 4 -1 1 -1 1 -1 -2	635	1
1 -1 3 -1 1 5 -1 1 -1 -2	12410	1
1 4 5 -1 1 4 5 -1 -2	8420	1
4 5 -1 2 -1 3 -1 1 -1 5 -1 1 -1 -2	1672	1
1 4 -1 5 -1 6 -1 2 5 -1 -2	881	1
1 2 5 -1 3 -1 2 4 5 -1 -2	1991	1
4 -1 5 -1 1 -1 2 -1 1 3 -1 5 -1 -2	1672	1
5 -1 4 -1 1 -1 2 -1 4 -1 1 2 -1 -2	1756	1
2 -1 1 -1 1 5 -1 2 5 -1 -2	11120	1
1 -1 5 -1 4 -1 2 4 -1 1 -1 5 -1 -2	1987	1
5 -1 1 -1 4 -1 5 6 -1 2 5 -1 -2	726	1
3 6 -1 6 -1 1 5 -1 1 -1 -2	756	1
1 3 -1 1 -1 2 -1 1 -1 2 5 -1 -2	3482	1
5 6 -1 1 -1 6 -1 1 3 5 -1 -2	902	1
5 -1 1 4 5 -1 1 -1 1 5 -1 -2	8349	1
1 -1 2 -1 1 5 -1 5 -1 3 -1 -2	5127	1
3 -1 5 -1 1 4 -1 6 -1 1 -1 5 -1 -2	465	1
1 4 -1 4 -1 2 5 -1 5 -1 1 -1 -2	3036	1
3 5 -1 1 3 -1 2 -1 4 -1 1 -1 -2	1633	1
3 -1 2 5 -1 1 2 4 -1 -2	1979	1
1 -1 2 3 -1 1 -1 1 5 6 -1 -2	777	1
2 4 -1 5 -1 4 -1 1 -1 1 -1 1 -1 -2	1988	1
1 -1 4 -1 3 -1 1 -1 3 5 -1 5 -1 -2	2029	1
5 -1 1 5 -1 1 2 -1 2 -1 1 -1 -2	8263	1
1 -1 1 5 -1 1 -1 1 -1 3 5 -1 -2	8748	1
1 -1 5 -1 5 -1 1 5 -1 1 -1 -2	27441	1
2 4 -1 1 2 4 -1 1 -1 1 -1 -2	2354	1
2 -1 5 -1 4 5 -1 5 -1 5 -1 1 -1 -2	3337	1
1 -1 1 6 -1 1 -1 4 -1 2 6 -1 -2	347	1
1 3 -1 5 -1 5 -1 2 -1 3 5 -1 -2	3512	1
3 -1 1 -1 2 -1 1 2 5 -1 3 -1 -2	2663	1
1 3 -1 1 3 -1 1 3 -1 5 -1 -2	6522	1
6 -1 3 -1 2 -1 1 -1 5 -1 3 -1 6 -1 -2	164	1
2 -1 1 3 -1 6 -1 1 6 -1 4 -1 -2	244	1
3 -1 1 -1 5 -1 3 -1 1 -1 1 -1 1 -1 -2	3340	1
1 2 -1 5 -1 4 -1 1 4 -1 -2	3699	1
1 3 -1 1 4 -1 2 -1 5 -1 1 -1 -2	2003	1
5 -1 3 -1 3 5 -1 1 -1 2 -1 5 -1 -2	2765	1
1 -1 5 -1 1 -1 1 6 -1 3 -1 2 -1 -2	625	1
1 -1 1 -1 1 -1 1 4 -1 1 -1 2 -1 -2	3259	1
1 2 -1 5 -1 2 5 -1 1 -1 3 -1 -2	3647	1
1 3 -1 3 -1 1 -1 1 -1 1 -1 5 -1 -2	4929	1
1 5 -1 3 -1 4 -1 1 3 -1 3 -1 -2	2162	1
1 3 4 -1 1 3 -1 2 3 -1 -2	1482	1
1 2 5 -1 1 4 -1 1 6 -1 -2	952	1
3 -1 5 -1 2 -1 6 -1 2 -1 1 -1 4 -1 -2	195	1
5 -1 1 -1 3 -1 1 3 -1 1 2 -1 -2	3357	1
5 6 -1 1 -1 1 5 -1 5 6 -1 -2	1941	1
2 -1 2 -1 5 -1 1 -1 1 5 -1 1 -1 -2	6533	1
1 5 -1 6 -1 2 -1 1 4 -1 5 -1 -2	741	1
2 -1 1 2 5 -1 1 2 5 -1 -2	9368	1
1 -1 2 -1 5 -1 3 -1 5 -1 3 -1 -2	2948	1
1 5 -1 5 -1 1 5 6 -1 1 -1 -2	2893	1
1 -1 5 -1 2 5 -1 1 -1 3 -1 1 -1 -2	3633	1
1 2 -1 4 -1 5 -1 3 -1 5 -1 1 -1 -2	1618	1
1 -1 1 -1 1 2 -1 5 -1 1 -1 5 -1 -2	8109	1
1 2 -1 1 -1 5 -1 1 3 -1 6 -1 -2	748	1
3 -1 2 3 -1 3 -1 5 -1 1 -1 -2	2660	1
1 5 -1 5 -1 1 -1 5 -1 2 5 -1 -2	11237	1
1 2 6 -1 1 3 -1 1 5 -1 -2	782	1
5 -1 5 -1 1 -1 2 -1 3 5 -1 2 -1 -2	2921	1
1 -1 1 -1 2 -1 1 -1 1 -1 3 -1 5 -1 -2	2552	1
1 -1 3 -1 1 2 3 5 -1 2 -1 -2	2750	1
5 -1 1 5 -1 1 -1 1 -1 2 -1 1 -1 -2	8566	1
1 3 -1 1 -1 6 -1 4 -1 3 -1 5 -1 -2	380	1
1 5 -1 1 4 -1 1 -1 1 -1 2 -1 -2	4024	1
1 2 -1 1 -1 3 -1 1 2 -1 5 -1 -2	3480	1
1 -1 3 5 -1 2 -1 2 -1 3 5 -1 -2	2842	1
1 -1 1 -1 1 -1 1 5 -1 1 -1 5 -1 -2	18815	1
2 4 5 -1 1 2 3 -1 -2	1965	1
5 -1 2 -1 2 6 -1 2 -1 2 -1 4 -1 -2	295	1
1 -1 1 -1 3 -1 5 -1 3 -1 5 -1 5 -1 -2	3478	1
1 5 -1 4 5 -1 1 -1 2 -1 -2	5361	1
1 -1 2 -1 1 -1 4 -1 2 -1 5 -1 1 -1 -2	1818	1
2 -1 1 4 -1 2 5 -1 1 -1 6 -1 -2	591	1
1 4 5 -1 3 -1 3 -1 2 3 -1 -2	1454	1
2 6 -1 2 -1 2 4 -1 1 -1 5 -1 -2	423	1
2 5 -1 3 -1 3 -1 1 -1 1 -1 -2	3645	1
4 5 -1 4 5 -1 2 -1 3 5 -1 -2	2060	1
4 -1 1 -1 1 -1 2 -1 2 -1 2 -1 5 -1 -2	1399	1
1 -1 5 -1 1 3 -1 3 4 -1 1 -1 -2	2092	1
1 2 -1 2 3 -1 1 -1 1 2 -1 -2	3220	1
5 -1 1 -1 5 -1 6 -1 1 6 -1 -2	1521	1
1 5 -1 3 -1 1 -1 2 4 -1 5 -1 -2	1816	1
1 -1 1 -1 4 -1 5 -1 1 -1 5 -1 5 -1 -2	4226	1
5 -1 4 -1 1 -1 1 -1 4 -1 4 5 -1 -2	3000	1
1 -1 1 -1 5 -1 2 -1 1 4 -1 -2	4325	1
1 5 -1 1 -1 4 -1 1 -1 1 5 -1 -2	7857	1
1 -1 2 -1 1 5 -1 1 -1 1 5 -1 -2	11027	1
2 5 -1 5 -1 1 -1 2 -1 2 5 -1 -2	7296	1
2 4 -1 1 -1 2 -1 1 -1 5 -1 5 -1 -2	2179	1
1 -1 2 -1 2 3 -1 6 -1 5 -1 -2	567	1
2 -1 1 3 -1 4 -1 5 -1 5 -1 5 -1 -2	1658	1
2 -1 1 2 -1 1 3 -1 1 -1 2 -1 -2	2948	1
5 -1 3 -1 2 3 -1 1 -1 1 -1 4 -1 -2	1118	1
1 2 -1 4 -1 5 -1 1 5 -1 5 -1 -2	4086	1
1 -1 1 2 5 -1 1 -1 1 2 -1 -2	9410	1
1 2 -1 5 -1 2 -1 5 -1 1 -1 5 -1 -2	6323	1
5 -1 6 -1 2 4 -1 1 5 6 -1 -2	434	1
5 -1 1 -1 3 4 5 -1 1 -1 1 -1 -2	2626	1
4 -1 1 -1 1 -1 2 -1 5 -1 5 -1 1 -1 -2	2356	1
1 2 -1 1 5 -1 4 -1 4 -1 3 -1 -2	1574	1
3 -1 5 -1 3 4 -1 1 -1 5 -1 -2	2328	1
2 -1 2 5 -1 3 -1 1 -1 2 5 -1 -2	3104	1
3 -1 4 5 -1 3 -1 1 -1 2 -1 -2	1736	1
1 5 -1 1 5 -1 6 -1 1 -1 2 -1 -2	1529	1
3 -1 3 -1 6 -1 4 -1 1 -1 1 5 -1 -2	382	1
5 6 -1 1 -1 6 -1 2 -1 1 -1 4 -1 -2	320	1
3 5 -1 1 5 -1 3 -1 4 -1 4 -1 -2	1919	1
3 -1 1 2 -1 4 5 -1 2 5 -1 -2	2050	1
1 -1 1 -1 5 -1 1 -1 1 3 -1 2 -1 -2	3577	1
1 -1 3 5 -1 3 5 -1 3 4 -1 -2	2230	1
1 -1 5 -1 5 -1 3 6 -1 1 -1 6 -1 -2	384	1
5 -1 5 -1 2 5 -1 2 5 -1 1 -1 -2	9031	1
4 -1 1 6 -1 1 -1 4 5 -1 1 -1 -2	784	1
3 -1 1 3 -1 5 -1 1 -1 5 -1 -2	7116	1
6 -1 6 -1 6 -1 1 -1 6 -1 4 5 -1 -2	179	1
1 -1 4 -1 1 5 -1 2 3 -1 4 -1 -2	1363	1
1 4 -1 1 5 -1 1 -1 1 -1 -2	9393	1
1 3 4 -1 3 4 -1 3 -1 2 -1 -2	1051	1
1 -1 1 -1 2 -1 2 3 -1 2 4 -1 -2	1152	1
3 5 -1 1 -1 1 5 -1 5 -1 5 -1 -2	8780	1
4 -1 2 -1 2 3 -1 3 -1 1 -1 4 -1 -2	670	1
1 -1 1 -1 2 -1 2 -1 1 3 4 -1 -2	1350	1
1 -1 1 6 -1 1 5 -1 3 -1 1 -1 -2	1181	1
5 -1 5 -1 5 -1 1 3 -1 3 5 -1 -2	6725	1
5 -1 1 3 -1 1 4 -1 1 3 -1 -2	3141	1
5 -1 1 5 -1 1 -1 1 5 -1 1 -1 -2	25038	1
3 6 -1 1 -1 3 -1 1 4 -1 5 -1 -2	379	1
1 5 -1 1 -1 2 -1 2 4 -1 -2	3627	1
4 -1 4 -1 1 3 -1 1 -1 3 -1 1 -1 -2	1472	1
1 3 4 -1 2 -1 1 -1 1 3 -1 -2	1636	1
1 2 -1 3 -1 1 2 -1 3 -1 1 -1 -2	2763	1
4 -1 3 -1 1 5 -1 3 -1 3 -1 3 -1 -2	1336	1
1 -1 1 -1 1 -1 5 -1 1 -1 1 -1 -2	21023	1
1 -1 3 -1 1 -1 4 -1 4 -1 6 -1 1 -1 -2	240	1
1 -1 3 -1 1 2 5 -1 2 -1 3 -1 -2	2712	1
1 4 -1 4 -1 1 -1 1 4 5 -1 -2	5062	1
1 5 -1 1 -1 1 2 -1 1 -1 5 -1 -2	10598	1
1 3 -1 1 -1 1 -1 1 -1 2 -1 -2	4866	1
2 -1 1 2 -1 2 -1 1 5 -1 5 -1 -2	6888	1
1 2 3 -1 1 -1 6 -1 1 3 -1 -2	636	1
2 3 5 -1 4 -1 5 -1 1 -1 3 -1 -2	1436	1
4 -1 2 -1 5 -1 5 -1 5 6 -1 1 -1 -2	541	1
1 4 -1 5 -1 2 5 -1 1 5 -1 -2	4816	1
1 5 -1 1 -1 1 -1 3 -1 1 -1 -2	9896	1
1 -1 4 5 -1 2 -1 6 -1 1 6 -1 -2	382	1
2 -1 6 -1 5 -1 2 -1 1 -1 1 -1 -2	949	1
1 -1 2 3 -1 1 2 -1 3 4 -1 -2	1257	1
1 -1 5 -1 1 5 -1 5 -1 1 -1 5 -1 -2	19135	1
1 -1 1 2 -1 1 -1 2 3 4 -1 -2	1258	1
5 -1 1 -1 1 -1 5 -1 2 -1 3 -1 1 -1 -2	2623	1
5 -1 5 -1 1 2 4 -1 4 -1 1 -1 -2	2468	1
1 -1 2 4 -1 1 -1 2 -1 5 -1 -2	2947	1
1 5 -1 3 5 -1 2 5 -1 5 -1 -2	5653	1
1 5 -1 1 2 4 -1 3 4 -1 -2	1564	1
1 3 -1 5 -1 1 -1 1 2 -1 2 -1 -2	3394	1
4 5 -1 1 -1 1 -1 1 -1 5 -1 5 -1 -2	5880	1
6 -1 1 -1 4 5 -1 1 2 -1 2 -1 -2	598	1
1 -1 1 -1 2 -1 1 -1 5 6 -1 1 -1 -2	1038	1
2 5 -1 3 -1 2 5 -1 5 -1 5 -1 -2	4007	1
1 -1 5 -1 1 -1 6 -1 5 -1 1 4 -1 -2	884	1
1 -1 1 2 -1 4 6 -1 2 -1 4 -1 -2	357	1
2 -1 1 -1 1 2 -1 6 -1 2 -1 5 -1 -2	714	1
2 4 -1 1 -1 1 -1 1 2 -1 -2	3526	1
3 -1 6 -1 1 -1 3 -1 1 6 -1 1 -1 -2	387	1
1 -1 4 -1 2 5 -1 5 -1 3 5 -1 -2	2172	1
1 -1 5 -1 3 5 -1 4 -1 1 -1 -2	3670	1
4 -1 4 -1 1 -1 4 6 -1 4 -1 6 -1 -2	142	1
3 -1 3 -1 5 -1 2 4 -1 3 5 -1 -2	1192	1
2 4 -1 1 -1 1 -1 1 -1 2 -1 1 -1 -2	2128	1
5 -1 1 -1 6 -1 1 -1 4 -1 1 5 -1 -2	919	1
3 -1 1 5 -1 2 -1 1 4 -1 2 -1 -2	1684	1
3 5 -1 2 -1 2 4 -1 1 3 -1 -2	1407	1
3 5 -1 1 -1 1 -1 3 4 -1 1 -1 -2	2122	1
2 -1 4 5 -1 1 -1 1 -1 5 -1 -2	4329	1
1 4 -1 4 5 -1 1 2 -1 1 -1 -2	3573	1
1 -1 1 2 -1 5 -1 -2	17992	1
3 -1 1 2 -1 1 -1 2 -1 2 -1 1 -1 -2	2144	1
4 -1 3 5 -1 3 -1 1 2 5 -1 -2	1989	1
4 5 -1 1 -1 5 -1 4 -1 2 -1 -2	3339	1
2 5 -1 4 -1 5 -1 5 -1 -2	6054	1
1 -1 5 -1 2 6 -1 3 6 -1 1 -1 -2	293	1
3 -1 1 -1 5 -1 1 -1 1 3 5 -1 -2	6192	1
1 4 -1 1 -1 5 -1 1 -1 1 5 -1 -2	7337	1
5 -1 1 -1 1 5 -1 3 -1 4 -1 -2	3820	1
2 3 -1 1 -1 3 -1 1 3 5 -1 -2	2992	1
1 -1 1 -1 2 -1 1 -1 1 2 -1 4 -1 -2	2530	1
4 -1 4 5 -1 2 -1 5 -1 2 4 -1 -2	1746	1
1 6 -1 2 -1 6 -1 1 2 -1 6 -1 -2	431	1
2 -1 2 -1 2 -1 6 -1 1 5 -1 6 -1 -2	379	1
1 2 -1 1 2 -1 4 5 -1 3 -1 -2	2087	1
1 3 5 -1 1 -1 2 -1 -2	6614	1
3 -1 3 -1 1 -1 3 -1 1 -1 -2	7145	1
1 -1 1 -1 1 -1 1 -1 2 -1 2 5 -1 -2	6216	1
5 -1 1 -1 1 -1 5 -1 5 -1 3 5 -1 -2	7095	1
4 -1 5 -1 1 -1 1 -1 4 -1 2 -1 4 -1 -2	1153	1
2 6 -1 4 -1 2 6 -1 5 -1 1 -1 -2	270	1
1 -1 4 -1 5 -1 2 -1 1 4 5 -1 -2	2841	1
5 -1 3 -1 1 4 -1 1 -1 -2	4532	1
2 -1 1 3 -1 1 3 4 -1 -2	1867	1
1 -1 1 5 -1 4 -1 3 4 -1 3 -1 -2	1664	1
1 6 -1 1 3 -1 1 -1 1 -1 6 -1 -2	676	1
1 -1 6 -1 1 5 -1 1 5 -1 2 -1 -2	1516	1
1 -1 5 -1 4 -1 3 5 -1 1 -1 -2	3693	1
2 5 -1 4 -1 5 -1 2 -1 4 -1 -2	2628	1
4 5 -1 1 3 -1 1 -1 3 5 -1 -2	3097	1
5 -1 1 2 -1 3 5 -1 1 -1 4 -1 -2	2046	1
3 -1 5 -1 1 -1 3 -1 1 5 -1 1 -1 -2	5006	1
2 6 -1 1 -1 1 -1 5 -1 5 -1 6 -1 -2	497	1
3 -1 1 5 -1 3 5 -1 1 -1 -2	8839	1
2 5 -1 1 -1 1 -1 5 -1 3 -1 2 -1 -2	2838	1
1 3 5 -1 2 -1 1 3 -1 -2	4985	1
6 -1 6 -1 2 5 -1 1 5 -1 6 -1 -2	596	1
5 -1 1 3 4 -1 1 5 -1 1 -1 -2	3016	1
1 5 -1 1 -1 2 -1 4 -1 1 -1 4 -1 -2	2268	1
1 -1 5 -1 1 -1 5 -1 1 2 -1 2 -1 -2	6124	1
2 -1 1 4 -1 1 -1 2 -1 2 -1 2 -1 -2	1674	1
2 -1 1 -1 1 -1 3 6 -1 1 -1 1 -1 -2	444	1
1 -1 1 5 -1 1 2 4 5 -1 -2	3980	1
1 -1 1 -1 5 -1 4 -1 4 -1 1 2 -1 -2	2253	1
1 4 -1 1 -1 3 -1 1 3 -1 5 -1 -2	2486	1
1 2 -1 5 -1 1 -1 1 5 -1 1 -1 -2	10374	1
1 -1 3 -1 1 5 -1 1 -1 3 -1 2 -1 -2	2686	1
4 -1 1 4 -1 2 -1 1 -1 3 -1 4 -1 -2	942	1
1 -1 1 -1 2 -1 1 -1 1 3 -1 2 -1 -2	2738	1
1 5 -1 5 -1 4 5 -1 1 3 -1 -2	4103	1
3 -1 3 -1 1 -1 1 -1 4 -1 2 -1 1 -1 -2	907	1
2 -1 5 -1 1 -1 2 5 -1 1 -1 5 -1 -2	6532	1
2 4 -1 1 -1 1 5 -1 4 -1 5 -1 -2	2575	1
1 -1 1 -1 4 -1 1 2 5 -1 -2	5070	1
4 -1 1 4 -1 1 -1 4 5 -1 1 -1 -2	4160	1
1 3 -1 3 -1 1 5 -1 1 -1 1 -1 -2	6513	1
5 -1 1 2 -1 1 -1 1 6 -1 1 -1 -2	1283	1
1 -1 1 -1 2 5 -1 5 -1 1 -1 3 -1 -2	3667	1
5 -1 1 5 6 -1 1 -1 -2	3619	1
1 -1 3 -1 1 -1 1 -1 4 -1 2 -1 6 -1 -2	246	1
1 5 -1 2 -1 1 3 -1 1 -1 1 -1 -2	4531	1
4 -1 1 -1 1 2 5 -1 1 5 -1 -2	4736	1
3 -1 1 -1 6 -1 5 -1 1 5 -1 -2	1306	1
1 -1 3 -1 1 -1 4 5 -1 3 -1 -2	2858	1
5 -1 1 -1 2 -1 1 5 -1 2 -1 1 -1 -2	6360	1
6 -1 1 -1 3 -1 1 4 5 -1 2 -1 -2	457	1
1 2 3 -1 6 -1 5 6 -1 4 -1 -2	284	1
4 -1 1 -1 1 -1 1 -1 3 -1 1 -1 6 -1 -2	351	1
2 4 5 -1 5 -1 2 5 -1 1 -1 -2	3362	1
1 -1 2 -1 1 4 -1 4 -1 2 -1 2 -1 -2	1445	1
1 4 -1 1 -1 1 4 -1 1 -1 6 -1 -2	778	1
1 -1 5 -1 2 -1 1 2 -1 4 5 -1 -2	3230	1
5 -1 5 -1 1 2 3 -1 3 -1 5 -1 -2	2822	1
1 6 -1 1 5 -1 2 3 -1 4 -1 -2	474	1
3 -1 1 -1 1 3 -1 4 -1 3 4 -1 -2	1357	1
1 -1 5 -1 3 -1 1 -1 1 3 -1 -2	7111	1
1 -1 6 -1 1 -1 3 -1 3 -1 5 -1 3 -1 -2	391	1
2 -1 1 5 -1 5 -1 3 -1 1 -1 5 -1 -2	3773	1
4 -1 3 -1 5 -1 1 -1 1 5 -1 4 -1 -2	1876	1
2 6 -1 1 -1 5 -1 1 -1 1 -1 5 -1 -2	863	1
4 -1 2 -1 5 -1 5 -1 2 3 6 -1 -2	241	1
1 -1 1 -1 1 -1 1 2 5 -1 1 -1 -2	9977	1
1 -1 1 2 -1 1 -1 1 5 -1 -2	13487	1
2 -1 4 -1 3 -1 1 5 -1 3 5 -1 -2	1644	1
2 3 5 -1 1 3 -1 2 -1 -2	3590	1
1 -1 2 -1 5 -1 1 -1 1 5 -1 1 -1 -2	8480	1
1 5 -1 1 4 -1 1 -1 1 -1 4 -1 -2	5299	1
3 -1 1 -1 1 -1 1 -1 1 4 -1 1 -1 -2	2552	1
4 -1 1 4 -1 1 -1 5 6 -1 6 -1 -2	442	1
5 -1 1 -1 1 -1 1 -1 6 -1 5 6 -1 -2	1009	1
5 -1 3 -1 1 5 -1 1 3 -1 5 -1 -2	6754	1
1 4 -1 1 -1 1 -1 4 -1 -2	8358	1
6 -1 3 -1 1 3 -1 6 -1 1 -1 -2	563	1
1 3 -1 4 -1 5 -1 5 -1 5 -1 1 -1 -2	2563	1
1 2 5 -1 5 -1 6 -1 1 2 -1 -2	1361	1
1 2 5 -1 1 -1 1 4 5 -1 -2	5073	1
2 -1 1 -1 2 -1 5 -1 1 2 5 -1 -2	6564	1
4 -1 1 -1 1 2 -1 5 -1 3 -1 -2	2266	1
1 -1 2 5 -1 1 -1 1 -1 3 -1 1 -1 -2	3559	1
5 -1 2 -1 3 -1 1 5 -1 1 -1 3 -1 -2	2697	1
5 -1 2 5 -1 2 5 -1 2 -1 6 -1 -2	996	1
1 3 -1 1 -1 4 -1 4 -1 1 -1 1 -1 -2	1855	1
1 5 -1 1 3 -1 6 -1 3 -1 2 -1 -2	635	1
1 -1 1 5 -1 6 -1 1 5 -1 5 -1 -2	2692	1
6 -1 1 -1 3 -1 5 6 -1 3 4 -1 -2	253	1
1 3 5 -1 5 -1 1 -1 1 -1 2 -1 -2	4428	1
2 5 -1 2 -1 1 4 -1 1 3 -1 -2	2065	1
3 5 -1 1 -1 4 5 -1 1 -1 -2	4175	1
5 -1 5 -1 1 -1 1 3 -1 1 4 -1 -2	3332	1
1 5 -1 5 -1 1 -1 1 -1 1 5 -1 -2	25101	1
5 -1 1 5 -1 1 -1 2 -1 -2	15966	1
1 2 5 -1 4 5 -1 2 -1 1 -1 -2	3849	1
2 -1 4 -1 1 -1 2 4 -1 4 6 -1 -2	261	1
1 2 -1 1 2 3 -1 1 -1 -2	4233	1
5 -1 4 -1 2 -1 5 -1 1 4 -1 5 -1 -2	2260	1
1 -1 5 -1 1 5 -1 1 -1 2 -1 1 -1 -2	8498	1
1 2 -1 1 -1 3 -1 1 -1 1 -1 1 -1 -2	3550	1
1 2 -1 6 -1 1 -1 1 -1 5 -1 5 -1 -2	1109	1
6 -1 1 5 -1 5 -1 2 -1 6 -1 5 -1 -2	614	1
1 -1 2 -1 1 -1 4 5 -1 4 5 -1 -2	2948	1
1 2 -1 1 4 -1 2 -1 4 -1 5 -1 -2	2304	1
2 -1 2 -1 3 -1 1 -1 1 5 -1 1 -1 -2	2834	1
1 4 -1 6 -1 2 3 5 -1 -2	550	1
3 -1 1 2 5 -1 1 -1 5 -1 -2	5417	1
1 -1 2 3 -1 2 -1 1 -1 4 -1 1 -1 -2	1184	1
1 -1 1 -1 1 -1 3 5 -1 1 5 -1 -2	8730	1
5 -1 5 -1 1 5 -1 1 -1 5 -1 5 -1 -2	19862	1
3 6 -1 4 6 -1 3 -1 1 4 -1 -2	202	1
1 -1 1 -1 1 4 -1 5 -1 5 -1 5 -1 -2	5804	1
