#subsequece (s \in Sample : s ~ D)	freq(s,D)	freq(s,Sample)

6 -1 1 -1 2 6 -1 1 -1 1 -1 2 -1 -2	441	1
6 -1 5 -1 1 -1 4 -1 1 4 -1 2 -1 -2	418	1
5 -1 3 -1 5 -1 5 -1 1 -1 5 -1 2 -1 -2	2707	1
5 -1 1 -1 3 -1 3 -1 5 -1 4 5 -1 -2	2011	1
1 2 -1 2 -1 1 -1 5 -1 4 -1 5 -1 -2	2571	1
5 -1 2 5 -1 1 -1 3 6 -1 4 -1 -2	330	1
2 -1 3 -1 3 4 -1 3 -1 4 -1 -2	958	1
1 -1 4 5 -1 5 -1 4 -1 5 -1 4 -1 -2	3096	1
1 -1 1 4 -1 1 4 -1 1 -1 -2	7573	1
1 2 -1 4 6 -1 1 -1 1 -1 2 -1 -2	448	1
5 -1 1 -1 1 -1 1 -1 1 -1 1 -1 5 -1 -2	12876	1
4 -1 3 -1 2 -1 2 3 5 -1 -2	1539	1
3 -1 2 5 -1 1 -1 4 -1 1 4 -1 -2	1497	1
1 -1 1 -1 1 -1 5 -1 5 -1 5 -1 3 -1 -2	4999	1
1 3 -1 5 -1 5 -1 1 5 -1 3 -1 -2	6555	1
1 -1 4 -1 1 -1 1 -1 1 -1 1 -1 5 -1 -2	4238	1
3 5 -1 1 -1 5 -1 1 -1 6 -1 -2	1310	1
1 2 4 -1 1 -1 1 -1 3 -1 5 -1 -2	1715	1
6 -1 4 6 -1 2 -1 2 -1 1 2 -1 -2	266	1
1 3 -1 1 -1 5 -1 5 -1 1 -1 -2	8922	1
3 -1 5 -1 2 3 5 -1 3 -1 5 -1 -2	2540	1
5 -1 5 -1 2 -1 2 -1 2 -1 2 -1 2 -1 -2	2785	1
1 -1 3 -1 2 -1 2 -1 2 3 -1 2 -1 -2	1327	1
1 -1 2 3 -1 4 -1 3 -1 -2	1984	1
1 -1 1 2 -1 2 5 -1 1 2 -1 -2	8113	1
3 -1 1 -1 1 2 -1 1 2 3 -1 -2	2805	1
1 -1 2 3 6 -1 3 -1 4 -1 2 -1 -2	219	1
1 -1 5 -1 1 5 -1 5 -1 3 -1 4 -1 -2	2815	1
5 -1 1 3 -1 3 6 -1 5 -1 -2	892	1
3 -1 1 3 -1 1 5 -1 1 -1 -2	8697	1
2 -1 1 -1 1 -1 1 3 5 -1 3 -1 -2	3376	1
1 -1 4 -1 1 -1 4 -1 3 -1 1 4 -1 -2	1444	1
2 -1 3 -1 2 -1 1 -1 1 2 3 -1 -2	2034	1
2 -1 3 -1 1 -1 5 -1 5 -1 3 5 -1 -2	2781	1
1 -1 1 -1 1 -1 5 -1 1 -1 4 -1 -2	6554	1
1 5 -1 5 -1 3 -1 -2	15908	1
1 -1 4 -1 1 4 -1 5 -1 3 -1 2 -1 -2	1220	1
2 -1 3 6 -1 2 -1 2 -1 1 -1 6 -1 -2	192	1
1 -1 1 -1 2 5 -1 4 5 -1 2 -1 -2	3304	1
1 6 -1 1 -1 4 5 -1 2 -1 1 -1 -2	730	1
4 -1 4 -1 1 2 4 5 -1 4 -1 -2	1943	1
3 4 -1 5 -1 1 2 -1 1 -1 3 -1 -2	1388	1
1 -1 1 -1 5 -1 1 3 -1 -2	12081	1
1 4 -1 1 -1 1 5 -1 2 -1 2 -1 -2	3223	1
2 5 -1 1 -1 4 -1 2 3 -1 1 -1 -2	1523	1
1 5 -1 3 -1 1 -1 1 -1 1 -1 1 -1 -2	6877	1
1 -1 4 -1 1 -1 1 6 -1 1 -1 2 -1 -2	557	1
4 -1 1 -1 3 -1 1 2 3 -1 1 -1 -2	1394	1
1 -1 2 3 -1 4 -1 1 -1 3 -1 -2	1540	1
3 4 -1 4 5 -1 2 3 -1 -2	1501	1
5 -1 1 2 -1 2 5 -1 3 4 -1 -2	1683	1
1 -1 1 4 6 -1 5 -1 1 -1 2 -1 -2	534	1
1 -1 4 -1 1 -1 1 -1 1 -1 2 -1 -2	3496	1
1 -1 1 5 6 -1 2 5 -1 6 -1 -2	1001	1
1 -1 4 -1 1 -1 3 -1 4 5 -1 1 -1 -2	1874	1
5 -1 1 5 -1 4 -1 1 -1 5 -1 1 -1 -2	6057	1
4 -1 5 -1 3 -1 1 -1 1 -1 1 -1 -2	2884	1
1 -1 2 -1 1 -1 2 5 -1 3 5 -1 -2	3704	1
1 6 -1 1 -1 2 3 -1 1 -1 5 -1 -2	657	1
5 -1 2 -1 1 3 -1 1 -1 2 3 -1 -2	2381	1
6 -1 1 5 -1 5 -1 1 2 4 -1 -2	744	1
1 6 -1 3 -1 6 -1 5 -1 3 -1 2 -1 -2	279	1
4 -1 3 -1 1 3 -1 1 4 -1 5 -1 -2	1813	1
5 -1 1 -1 1 3 -1 3 -1 1 -1 5 -1 -2	4848	1
4 -1 1 2 -1 1 3 -1 5 -1 2 -1 -2	1666	1
2 -1 5 -1 1 5 -1 2 5 -1 1 -1 -2	8534	1
1 2 -1 1 3 -1 5 -1 4 -1 1 -1 -2	2031	1
1 5 -1 1 3 -1 1 -1 1 2 -1 -2	5290	1
6 -1 5 -1 4 -1 1 2 -1 5 -1 1 -1 -2	565	1
1 -1 1 5 -1 1 -1 2 4 -1 4 -1 -2	2554	1
1 4 5 -1 1 5 -1 1 -1 1 -1 -2	8360	1
1 -1 1 -1 1 -1 3 -1 1 -1 4 -1 4 -1 -2	1294	1
1 2 -1 1 -1 1 -1 2 4 -1 1 -1 -2	2773	1
1 4 -1 1 2 5 -1 2 -1 1 -1 -2	3784	1
1 -1 5 -1 1 -1 1 -1 3 -1 1 -1 3 -1 -2	3477	1
1 5 -1 3 -1 1 -1 1 -1 2 -1 1 -1 -2	3662	1
1 -1 6 -1 2 3 5 -1 2 -1 4 -1 -2	343	1
3 5 -1 1 -1 1 -1 3 -1 1 4 -1 -2	2568	1
1 5 -1 2 -1 2 3 -1 3 5 -1 -2	3099	1
6 -1 5 -1 4 -1 1 5 -1 3 -1 5 -1 -2	483	1
4 -1 1 -1 1 -1 1 3 -1 1 3 -1 -2	2578	1
6 -1 2 -1 4 6 -1 1 -1 3 -1 -2	227	1
6 -1 5 -1 2 -1 1 4 -1 6 -1 -2	441	1
2 -1 1 6 -1 5 -1 1 -1 1 -1 2 -1 -2	876	1
1 -1 5 -1 5 -1 1 -1 1 -1 1 -1 1 -1 -2	12720	1
1 6 -1 1 -1 3 -1 5 -1 1 2 -1 -2	733	1
2 -1 3 -1 6 -1 2 4 -1 1 -1 1 -1 -2	273	1
1 5 -1 5 -1 5 -1 2 -1 1 2 -1 -2	8305	1
4 -1 2 -1 4 -1 1 -1 6 -1 6 -1 -2	234	1
1 2 5 -1 1 -1 2 -1 1 -1 5 -1 -2	8078	1
4 -1 1 -1 1 -1 1 -1 1 2 5 -1 -2	3957	1
1 -1 5 -1 4 -1 1 -1 5 -1 6 -1 6 -1 -2	298	1
1 -1 1 5 -1 1 2 -1 4 -1 4 -1 -2	2942	1
5 -1 1 5 -1 2 -1 1 -1 1 -1 1 -1 -2	8592	1
3 4 -1 3 -1 3 -1 1 -1 1 3 -1 -2	1572	1
1 3 5 -1 1 -1 1 -1 1 5 -1 -2	9516	1
1 5 -1 1 3 -1 1 -1 2 -1 1 -1 -2	4537	1
1 -1 3 -1 1 5 -1 3 -1 3 5 -1 -2	5384	1
1 -1 5 -1 2 -1 1 2 -1 1 4 -1 -2	3185	1
1 -1 6 -1 1 5 -1 1 5 -1 -2	3440	1
1 4 -1 1 -1 2 5 -1 4 5 -1 -2	3519	1
1 -1 3 -1 5 -1 3 -1 2 -1 1 5 -1 -2	2750	1
3 -1 2 5 -1 1 -1 5 -1 1 -1 5 -1 -2	3574	1
6 -1 1 4 -1 1 -1 1 -1 5 -1 4 -1 -2	611	1
1 -1 6 -1 1 5 -1 1 -1 2 -1 5 -1 -2	1164	1
4 6 -1 1 -1 1 4 -1 1 5 -1 -2	721	1
4 5 -1 3 -1 1 5 -1 4 -1 4 -1 -2	1959	1
1 -1 2 -1 1 -1 1 -1 1 -1 5 -1 -2	9309	1
1 -1 4 5 -1 1 3 -1 1 2 -1 -2	2439	1
2 -1 5 -1 4 -1 6 -1 1 5 -1 1 -1 -2	565	1
3 5 -1 4 5 -1 1 5 -1 5 -1 -2	4106	1
5 -1 1 -1 1 -1 1 -1 5 -1 2 4 -1 -2	2680	1
2 -1 5 6 -1 5 -1 1 -1 1 -1 3 -1 -2	587	1
2 -1 2 -1 2 -1 2 -1 1 2 3 -1 -2	2001	1
5 -1 4 -1 1 -1 2 -1 1 -1 1 -1 -2	3533	1
2 5 -1 5 -1 1 -1 5 -1 1 2 -1 -2	8139	1
1 3 -1 1 5 -1 1 -1 5 -1 6 -1 -2	1216	1
1 2 -1 5 -1 1 -1 2 -1 1 -1 2 -1 -2	5029	1
5 -1 3 5 -1 1 -1 3 -1 1 -1 -2	7326	1
1 -1 2 5 -1 1 -1 3 -1 1 5 -1 -2	4663	1
2 3 -1 2 4 -1 1 -1 5 -1 2 -1 -2	1166	1
1 -1 1 5 -1 1 -1 1 -1 3 -1 -2	9876	1
1 -1 2 5 -1 4 -1 4 -1 1 -1 5 -1 -2	2285	1
1 3 5 -1 1 -1 1 3 -1 -2	9318	1
1 3 -1 1 -1 1 -1 1 -1 2 3 -1 -2	2986	1
4 -1 2 5 -1 3 -1 1 -1 1 -1 -2	2214	1
2 -1 4 5 -1 2 -1 1 -1 5 -1 4 -1 -2	1747	1
4 -1 1 -1 5 -1 1 -1 2 3 -1 1 -1 -2	1422	1
1 -1 5 -1 1 3 -1 2 -1 1 -1 1 -1 -2	3526	1
1 -1 2 4 -1 5 -1 5 6 -1 1 -1 -2	589	1
1 4 -1 3 -1 3 -1 6 -1 5 -1 -2	481	1
4 -1 2 -1 2 -1 2 -1 1 -1 4 -1 5 -1 -2	967	1
2 -1 1 2 -1 1 -1 1 -1 3 -1 1 -1 -2	2828	1
1 2 5 -1 1 2 -1 4 5 -1 -2	4431	1
1 -1 1 -1 6 -1 4 -1 3 -1 -2	718	1
1 2 -1 2 -1 4 -1 1 -1 4 5 -1 -2	2288	1
1 -1 3 -1 1 -1 1 -1 5 -1 2 -1 2 -1 -2	1905	1
5 -1 3 -1 3 -1 1 -1 1 -1 1 3 -1 -2	3843	1
1 2 -1 1 4 -1 3 4 -1 -2	1843	1
1 -1 2 -1 1 5 -1 1 -1 1 -1 1 -1 -2	8503	1
2 4 -1 2 3 -1 1 -1 2 -1 1 -1 -2	1182	1
1 4 -1 1 -1 1 -1 5 -1 1 5 -1 -2	7389	1
4 5 -1 1 6 -1 1 3 -1 -2	873	1
4 -1 1 5 -1 3 5 -1 -2	5289	1
6 -1 1 3 -1 4 5 -1 4 -1 5 -1 -2	451	1
4 6 -1 1 -1 5 -1 2 -1 6 -1 2 -1 -2	208	1
1 3 -1 1 -1 1 -1 1 -1 3 6 -1 -2	705	1
2 -1 2 -1 5 -1 1 5 -1 1 -1 1 -1 -2	6529	1
1 -1 2 -1 6 -1 1 5 -1 3 5 -1 -2	800	1
2 4 -1 1 -1 1 -1 1 -1 5 -1 5 -1 -2	2677	1
2 -1 3 5 -1 2 -1 4 -1 2 -1 -2	1581	1
3 5 -1 2 4 -1 1 -1 5 -1 4 -1 -2	1332	1
4 -1 1 -1 1 -1 5 -1 1 5 -1 -2	8332	1
1 -1 1 -1 6 -1 3 -1 4 -1 3 -1 1 -1 -2	272	1
1 2 4 5 -1 1 -1 1 -1 3 -1 -2	1993	1
1 3 5 -1 1 -1 3 -1 1 -1 2 -1 -2	3459	1
1 3 -1 1 3 -1 4 -1 1 5 -1 -2	3172	1
6 -1 2 -1 1 -1 1 -1 1 5 -1 2 -1 -2	874	1
1 5 -1 5 -1 5 -1 1 -1 3 5 -1 -2	9126	1
4 -1 3 -1 6 -1 1 2 5 -1 1 -1 -2	460	1
1 -1 1 -1 5 -1 1 -1 1 -1 3 -1 5 -1 -2	4825	1
5 -1 1 -1 5 -1 2 5 -1 2 5 -1 -2	8795	1
1 -1 5 -1 2 -1 3 -1 4 5 -1 2 -1 -2	1353	1
1 -1 1 2 -1 3 -1 3 5 -1 2 -1 -2	2631	1
1 -1 5 -1 1 5 -1 4 5 -1 1 -1 -2	7657	1
6 -1 1 -1 5 -1 1 -1 6 -1 4 -1 5 -1 -2	318	1
1 -1 1 5 -1 1 -1 5 -1 3 -1 3 -1 -2	5078	1
4 -1 1 2 -1 1 3 5 -1 -2	2907	1
1 3 -1 4 5 -1 2 -1 1 -1 5 -1 -2	2060	1
5 -1 6 -1 1 4 -1 2 -1 5 -1 3 -1 -2	358	1
3 -1 1 -1 2 -1 2 -1 4 -1 3 4 -1 -2	634	1
1 -1 2 -1 2 3 -1 5 -1 2 -1 -2	2843	1
1 4 -1 1 -1 1 2 5 -1 1 -1 -2	4529	1
4 -1 4 -1 5 -1 1 5 -1 1 -1 -2	6255	1
3 5 -1 1 -1 1 -1 1 -1 5 -1 5 -1 -2	6573	1
3 -1 1 -1 1 -1 4 -1 1 4 -1 2 -1 -2	1167	1
3 5 -1 1 5 -1 2 -1 2 -1 1 -1 -2	3618	1
1 -1 1 3 -1 6 -1 3 -1 1 -1 -2	1013	1
5 -1 1 3 -1 4 -1 1 -1 3 -1 4 -1 -2	1361	1
1 3 -1 3 5 -1 1 -1 5 -1 -2	8410	1
1 -1 5 -1 1 -1 5 -1 1 2 5 -1 -2	10146	1
1 -1 5 -1 3 5 -1 1 2 5 -1 -2	5228	1
6 -1 4 -1 2 -1 3 -1 5 -1 5 -1 1 -1 -2	266	1
1 5 -1 3 -1 3 -1 1 -1 1 -1 3 -1 -2	3976	1
1 2 -1 1 4 -1 -2	7022	1
6 -1 3 6 -1 5 -1 1 6 -1 1 -1 -2	355	1
4 5 -1 1 -1 1 -1 2 -1 3 -1 5 -1 -2	1687	1
1 3 -1 3 -1 1 4 5 -1 -2	3651	1
5 -1 1 -1 1 3 -1 5 -1 1 3 -1 -2	6408	1
3 -1 1 3 -1 3 -1 1 3 -1 -2	6612	1
1 -1 2 5 -1 1 3 -1 3 -1 5 -1 -2	3392	1
1 5 -1 5 -1 6 -1 6 -1 2 4 -1 -2	385	1
1 -1 5 -1 3 -1 5 -1 3 -1 2 -1 2 -1 -2	1416	1
6 -1 5 -1 1 -1 1 5 -1 4 -1 5 -1 -2	899	1
4 -1 4 -1 2 -1 2 4 -1 4 -1 -2	1626	1
1 -1 3 4 -1 5 -1 4 -1 3 5 -1 -2	1692	1
1 -1 1 4 5 -1 5 -1 2 -1 -2	4994	1
2 5 -1 1 -1 6 -1 1 -1 1 -1 6 -1 -2	599	1
1 6 -1 3 4 -1 3 -1 1 -1 1 -1 -2	427	1
5 -1 1 3 -1 5 -1 1 5 -1 5 -1 -2	8631	1
2 -1 2 -1 1 -1 2 -1 1 -1 3 -1 -2	2563	1
2 -1 1 -1 2 -1 3 -1 2 -1 4 -1 5 -1 -2	790	1
5 -1 3 -1 5 -1 1 -1 3 -1 2 3 -1 -2	1914	1
5 -1 2 -1 2 5 -1 1 -1 2 -1 5 -1 -2	5296	1
1 -1 1 5 -1 4 -1 6 -1 4 -1 -2	827	1
3 -1 1 -1 3 4 -1 4 -1 2 -1 -2	1137	1
5 -1 3 -1 1 5 -1 5 -1 1 -1 -2	9764	1
4 -1 2 -1 4 -1 1 5 -1 1 -1 5 -1 -2	2381	1
1 -1 4 5 -1 2 -1 3 5 -1 1 -1 -2	2136	1
1 -1 1 -1 1 -1 5 -1 1 5 -1 -2	27181	1
1 5 -1 1 5 -1 1 3 -1 2 -1 -2	5562	1
2 -1 1 -1 1 -1 5 -1 4 5 -1 1 -1 -2	3208	1
1 -1 3 5 -1 1 5 -1 1 5 -1 -2	10345	1
4 6 -1 3 5 -1 3 -1 2 3 -1 -2	269	1
1 2 -1 2 3 5 -1 2 -1 1 -1 -2	3059	1
2 4 5 -1 2 4 -1 1 -1 5 -1 -2	2413	1
1 -1 4 -1 2 5 -1 1 -1 1 -1 1 -1 -2	3221	1
1 5 -1 5 -1 1 5 -1 1 -1 5 -1 -2	25515	1
1 -1 3 4 -1 2 -1 3 4 5 -1 -2	1152	1
5 -1 1 -1 1 -1 1 3 5 -1 -2	10486	1
2 -1 1 5 -1 2 -1 1 2 5 -1 -2	8288	1
2 3 -1 2 -1 3 -1 1 5 -1 3 -1 -2	2113	1
5 -1 1 -1 1 -1 2 5 -1 1 -1 -2	11577	1
2 5 -1 1 2 -1 3 -1 2 5 -1 -2	3742	1
1 5 -1 4 -1 2 -1 2 -1 3 -1 3 -1 -2	980	1
2 -1 2 -1 1 -1 4 -1 1 2 -1 4 -1 -2	1452	1
2 3 4 -1 1 2 -1 1 5 -1 -2	1477	1
2 3 -1 5 -1 5 -1 5 -1 2 5 -1 -2	3389	1
1 -1 1 -1 1 2 4 -1 3 4 -1 -2	1376	1
1 5 -1 1 -1 5 -1 5 -1 1 2 -1 -2	10586	1
2 -1 1 -1 5 -1 1 4 5 -1 4 -1 -2	2844	1
1 -1 1 -1 5 6 -1 1 -1 1 -1 2 -1 -2	1145	1
1 2 -1 1 5 -1 1 5 -1 1 -1 -2	12437	1
6 -1 5 6 -1 1 6 -1 1 -1 1 -1 -2	1012	1
5 6 -1 3 -1 1 -1 5 -1 5 6 -1 -2	699	1
2 -1 1 -1 1 2 -1 2 5 -1 5 -1 -2	6667	1
1 5 -1 2 -1 1 3 -1 1 2 -1 -2	4262	1
2 -1 5 -1 1 -1 2 5 -1 3 5 -1 -2	3792	1
3 -1 1 -1 1 -1 1 4 -1 1 2 -1 -2	2035	1
2 5 -1 1 -1 3 -1 3 -1 4 -1 6 -1 -2	289	1
2 -1 2 -1 2 -1 2 4 5 -1 2 -1 -2	1931	1
2 -1 2 6 -1 1 -1 1 2 -1 1 -1 -2	757	1
4 6 -1 2 -1 3 -1 5 -1 5 -1 4 -1 -2	205	1
1 -1 4 -1 4 -1 3 -1 1 4 -1 -2	2126	1
2 4 -1 3 -1 5 -1 5 -1 1 5 -1 -2	1838	1
1 6 -1 6 -1 6 -1 1 -1 2 -1 2 -1 -2	325	1
1 5 -1 5 -1 1 -1 1 5 -1 -2	33524	1
1 -1 3 -1 5 -1 1 -1 6 -1 2 6 -1 -2	268	1
1 -1 1 5 -1 1 -1 5 -1 1 5 -1 -2	24824	1
2 -1 2 3 -1 1 2 -1 5 -1 -2	3412	1
2 -1 4 -1 1 2 -1 2 -1 2 -1 4 -1 -2	1175	1
2 -1 4 -1 1 -1 1 -1 1 5 -1 -2	4418	1
5 -1 1 2 -1 5 -1 1 2 5 -1 -2	9512	1
5 -1 2 5 -1 5 -1 1 4 -1 -2	5214	1
2 -1 2 -1 2 5 -1 5 -1 5 -1 4 -1 -2	2224	1
1 2 5 -1 1 2 -1 4 -1 2 -1 -2	3343	1
1 4 -1 1 -1 5 -1 4 -1 1 -1 1 -1 -2	4036	1
1 -1 1 -1 4 -1 4 -1 1 4 -1 -2	4779	1
5 -1 3 -1 3 5 -1 1 -1 1 -1 -2	7132	1
3 5 -1 1 3 4 -1 1 -1 2 -1 -2	1625	1
2 6 -1 1 -1 1 -1 5 -1 1 -1 -2	1139	1
3 -1 1 -1 1 6 -1 2 -1 3 -1 5 -1 -2	448	1
1 2 3 -1 5 -1 2 -1 6 -1 3 -1 -2	435	1
3 -1 3 4 -1 4 -1 6 -1 6 -1 4 -1 -2	111	1
5 -1 1 2 -1 1 2 4 -1 2 -1 -2	2720	1
1 4 -1 1 -1 1 -1 -2	13132	1
1 -1 1 3 6 -1 2 -1 5 -1 4 -1 -2	315	1
1 4 -1 1 4 -1 1 -1 -2	9511	1
1 2 3 5 -1 5 6 -1 -2	985	1
1 2 3 -1 1 5 -1 4 -1 3 -1 -2	1721	1
2 3 4 5 -1 3 -1 1 5 -1 -2	1418	1
2 -1 1 -1 2 -1 5 -1 3 -1 1 -1 1 -1 -2	2026	1
1 3 -1 6 -1 3 -1 5 -1 1 3 -1 -2	747	1
1 3 5 -1 5 -1 1 4 -1 5 -1 -2	3818	1
5 -1 1 -1 1 -1 5 -1 3 4 5 -1 -2	2676	1
2 -1 1 5 -1 4 -1 4 -1 2 -1 1 -1 -2	1808	1
6 -1 1 5 -1 3 -1 6 -1 3 6 -1 -2	309	1
1 3 -1 2 5 -1 3 5 -1 -2	5085	1
1 -1 5 -1 3 -1 5 -1 1 -1 1 -1 6 -1 -2	695	1
5 -1 2 5 -1 6 -1 1 -1 5 -1 -2	1546	1
1 -1 1 2 -1 1 -1 4 -1 1 5 -1 -2	4192	1
5 -1 6 -1 1 3 -1 3 -1 3 5 -1 -2	755	1
3 -1 1 5 -1 3 -1 5 -1 1 -1 -2	7357	1
1 -1 5 -1 1 5 -1 5 -1 2 3 -1 -2	3914	1
1 -1 4 5 -1 1 -1 3 -1 1 -1 1 -1 -2	2638	1
2 -1 2 3 -1 1 5 -1 2 4 -1 -2	1429	1
1 3 -1 4 -1 2 -1 2 -1 2 -1 1 -1 -2	1063	1
5 -1 1 6 -1 1 -1 3 -1 1 -1 1 -1 -2	940	1
2 5 -1 3 -1 1 4 -1 1 6 -1 -2	531	1
1 -1 1 -1 1 5 -1 1 -1 1 4 -1 -2	7534	1
2 3 -1 1 -1 1 -1 1 -1 1 5 -1 -2	3796	1
3 -1 1 4 5 -1 1 -1 4 -1 1 -1 -2	2304	1
2 -1 1 -1 3 -1 3 -1 2 -1 2 -1 -2	1869	1
3 -1 4 -1 1 5 -1 5 -1 5 -1 -2	3728	1
1 -1 1 -1 1 5 -1 5 -1 1 -1 1 -1 -2	18640	1
2 -1 1 2 -1 1 -1 1 2 3 -1 -2	3131	1
2 -1 5 -1 1 -1 1 -1 5 -1 1 5 -1 -2	8426	1
1 5 -1 1 5 -1 1 -1 3 -1 4 -1 -2	3628	1
1 4 -1 1 2 -1 1 -1 5 6 -1 -2	809	1
2 3 -1 5 -1 4 -1 3 -1 1 -1 -2	1501	1
5 -1 1 -1 2 -1 5 -1 4 5 -1 1 -1 -2	3329	1
1 -1 1 -1 5 -1 5 -1 1 -1 1 2 -1 -2	8044	1
1 -1 3 6 -1 3 4 6 -1 5 -1 -2	191	1
1 -1 1 -1 1 -1 5 -1 2 -1 1 -1 5 -1 -2	5973	1
1 -1 4 -1 1 -1 1 5 -1 1 -1 4 -1 -2	4022	1
1 4 -1 1 -1 3 4 -1 4 -1 -2	2206	1
1 -1 5 -1 1 -1 3 -1 3 5 -1 -2	7222	1
2 -1 3 4 5 -1 1 -1 1 -1 5 -1 -2	1675	1
5 -1 4 -1 2 4 -1 1 -1 1 2 -1 -2	2136	1
1 -1 4 -1 5 -1 1 -1 3 5 -1 -2	3619	1
1 -1 1 -1 1 -1 5 -1 2 -1 1 -1 -2	9278	1
2 -1 2 5 -1 1 -1 1 4 -1 -2	4157	1
1 -1 4 -1 2 -1 6 -1 2 -1 1 -1 -2	457	1
3 5 -1 2 4 -1 2 -1 3 4 -1 -2	989	1
1 2 -1 1 3 5 -1 1 -1 -2	5943	1
1 5 -1 1 -1 3 -1 1 -1 2 -1 3 -1 -2	2753	1
3 -1 2 -1 4 -1 1 -1 2 -1 1 -1 4 -1 -2	634	1
2 -1 3 -1 5 -1 1 2 -1 1 3 -1 -2	2705	1
1 5 -1 2 5 -1 4 5 -1 1 -1 -2	5003	1
2 6 -1 1 5 -1 4 6 -1 2 -1 -2	308	1
1 5 -1 1 5 -1 3 -1 3 5 -1 -2	8414	2
5 -1 1 4 5 -1 4 5 -1 6 -1 -2	979	1
1 -1 1 -1 2 -1 1 5 -1 1 -1 2 -1 -2	6259	1
2 5 6 -1 2 -1 1 -1 -2	1415	1
2 -1 2 4 -1 5 -1 1 5 -1 2 -1 -2	2436	1
1 5 -1 5 -1 6 -1 2 -1 1 2 -1 -2	1202	1
1 -1 3 -1 1 5 -1 3 5 -1 -2	8978	1
1 -1 5 -1 1 -1 1 -1 4 6 -1 2 -1 -2	406	1
1 4 -1 4 -1 4 -1 4 -1 4 -1 -2	3321	1
4 -1 3 -1 5 -1 1 -1 2 4 -1 1 -1 -2	1014	1
5 -1 5 -1 4 -1 1 -1 1 -1 1 -1 1 -1 -2	4233	1
1 -1 3 5 -1 2 4 5 -1 -2	2424	1
1 2 -1 2 3 -1 4 -1 1 -1 -2	1902	1
1 -1 1 2 -1 1 -1 5 -1 1 3 -1 -2	4490	1
3 -1 1 -1 1 -1 5 -1 2 3 -1 -2	3246	1
6 -1 1 -1 1 -1 1 4 5 -1 1 -1 -2	1088	1
1 6 -1 1 3 -1 6 -1 1 -1 -2	938	1
1 -1 2 -1 2 -1 1 -1 2 5 -1 1 -1 -2	4972	1
1 4 -1 1 3 -1 2 -1 1 6 -1 -2	521	1
3 4 -1 1 -1 1 4 -1 3 -1 -2	2207	1
5 -1 5 -1 5 -1 5 -1 1 4 -1 1 -1 -2	5953	1
4 5 -1 5 -1 1 -1 6 -1 5 -1 5 -1 -2	882	1
1 5 6 -1 1 -1 1 -1 5 -1 1 -1 -2	2380	1
1 -1 1 -1 1 -1 1 5 -1 1 -1 5 -1 -2	18815	1
1 -1 1 -1 3 -1 1 4 -1 -2	4677	1
4 -1 5 -1 2 -1 1 2 5 -1 5 -1 -2	3283	1
2 6 -1 6 -1 5 6 -1 2 -1 -2	557	1
1 5 -1 2 -1 1 5 -1 1 4 -1 -2	4986	1
1 -1 5 -1 5 -1 1 2 -1 5 -1 5 -1 -2	8371	1
6 -1 5 -1 2 5 -1 1 -1 1 6 -1 -2	796	1
1 2 3 -1 4 -1 1 5 -1 3 -1 -2	1718	1
5 -1 5 -1 1 -1 1 5 -1 1 3 -1 -2	8726	2
3 5 -1 1 3 -1 1 -1 5 -1 -2	8484	1
3 4 -1 3 -1 5 -1 4 -1 2 4 -1 -2	783	1
1 -1 2 -1 1 -1 1 2 -1 2 -1 2 -1 -2	4184	1
5 -1 3 -1 1 -1 1 3 4 -1 -2	2622	1
1 2 6 -1 1 5 -1 6 -1 3 -1 -2	455	1
1 4 -1 1 -1 1 -1 4 -1 4 -1 3 -1 -2	1492	1
1 3 -1 1 -1 1 -1 5 -1 1 -1 -2	9013	1
5 -1 3 -1 2 4 -1 3 -1 4 6 -1 -2	199	1
1 -1 4 -1 1 -1 2 -1 1 4 -1 1 -1 -2	2255	1
3 4 -1 4 -1 5 -1 3 -1 4 5 -1 -2	1377	1
1 3 -1 1 4 -1 2 -1 5 -1 2 -1 -2	1630	1
3 6 -1 1 2 -1 1 2 -1 4 -1 -2	342	1
5 -1 2 3 6 -1 1 2 -1 1 -1 -2	451	1
1 4 -1 1 3 -1 4 -1 4 -1 1 -1 -2	1882	1
1 -1 1 5 -1 6 -1 3 6 -1 1 -1 -2	536	1
3 -1 1 -1 1 3 4 -1 3 5 -1 -2	2110	1
1 5 6 -1 4 -1 1 5 -1 2 -1 -2	898	1
1 4 -1 2 -1 1 -1 1 4 -1 3 -1 -2	1561	1
1 2 3 -1 1 5 -1 1 5 -1 -2	4674	1
1 -1 1 -1 5 -1 1 -1 3 5 -1 -2	9475	1
2 -1 2 3 -1 1 -1 1 -1 2 -1 5 -1 -2	2004	1
1 5 -1 1 3 -1 5 -1 1 5 -1 -2	10170	1
1 5 -1 1 -1 5 -1 5 -1 -2	37232	1
5 -1 4 -1 4 -1 2 -1 5 -1 6 -1 5 -1 -2	282	1
4 5 -1 2 3 -1 1 -1 4 5 -1 -2	1623	1
1 3 -1 6 -1 5 6 -1 5 -1 4 -1 -2	366	1
2 -1 1 -1 6 -1 1 -1 3 -1 3 -1 1 -1 -2	313	1
1 5 -1 6 -1 1 -1 1 -1 1 -1 5 -1 -2	2044	1
5 -1 5 -1 4 -1 5 -1 1 3 -1 5 -1 -2	2729	1
1 -1 3 4 -1 1 -1 2 -1 1 4 -1 -2	1287	1
4 -1 1 5 -1 4 5 -1 1 -1 1 -1 -2	5524	1
2 -1 3 4 -1 1 2 -1 1 5 -1 -2	1650	1
3 -1 4 6 -1 3 4 -1 1 -1 -2	323	1
3 -1 1 3 -1 2 5 -1 1 -1 3 -1 -2	2780	1
5 -1 2 4 5 -1 1 -1 2 5 -1 -2	3317	1
3 4 -1 1 -1 5 -1 1 -1 3 5 -1 -2	2185	1
1 -1 5 -1 1 -1 1 3 -1 2 -1 1 -1 -2	3576	1
1 -1 1 -1 2 5 -1 1 -1 1 2 -1 -2	7983	1
5 -1 4 -1 1 -1 1 -1 1 -1 1 4 -1 -2	3887	1
2 5 -1 5 6 -1 1 -1 5 -1 -2	1806	1
2 5 -1 2 5 -1 1 -1 1 -1 1 -1 -2	8512	1
5 -1 4 -1 5 -1 3 -1 4 -1 4 -1 3 -1 -2	726	1
3 -1 5 -1 4 5 -1 4 -1 4 -1 1 -1 -2	1452	1
1 4 -1 3 5 -1 2 3 -1 -2	2094	1
1 -1 2 -1 1 4 -1 5 -1 -2	5512	1
4 -1 5 -1 2 5 -1 5 -1 1 -1 4 -1 -2	2297	1
3 -1 5 -1 4 -1 1 4 -1 4 -1 1 -1 -2	1391	1
2 5 -1 1 -1 2 5 6 -1 -2	1312	1
1 5 -1 4 -1 3 -1 4 -1 1 -1 -2	2721	1
1 5 -1 3 5 -1 1 -1 1 -1 -2	11008	1
5 -1 5 -1 3 -1 3 -1 5 -1 1 -1 -2	5687	1
1 5 -1 1 -1 1 5 -1 3 4 -1 -2	3297	1
1 -1 5 -1 1 -1 2 -1 3 -1 3 -1 -2	2860	1
5 -1 3 5 -1 3 -1 1 -1 5 -1 1 -1 -2	4945	1
3 4 5 -1 2 -1 2 3 -1 1 -1 -2	1260	1
4 -1 5 -1 5 -1 1 -1 1 -1 2 -1 5 -1 -2	2401	1
1 2 5 -1 1 3 -1 1 4 -1 -2	2681	1
1 -1 1 -1 5 6 -1 3 -1 1 -1 4 -1 -2	513	1
1 -1 4 -1 1 3 -1 4 -1 2 -1 4 -1 -2	894	1
1 3 5 -1 4 -1 1 5 -1 1 -1 -2	3880	1
1 3 5 -1 1 -1 4 -1 1 -1 -2	4077	1
1 -1 5 -1 5 -1 4 -1 1 2 3 -1 -2	1753	1
1 -1 3 -1 1 5 -1 5 -1 1 -1 -2	9498	1
1 -1 5 -1 2 5 -1 2 -1 1 2 -1 -2	6625	1
1 2 -1 4 -1 1 -1 4 5 -1 -2	3701	1
1 3 -1 5 -1 2 -1 4 -1 3 -1 1 -1 -2	1219	1
5 -1 1 4 -1 4 5 -1 1 5 -1 -2	6589	1
3 -1 1 -1 2 -1 1 4 5 -1 1 -1 -2	2004	1
1 -1 4 -1 1 -1 2 6 -1 3 -1 -2	377	1
1 -1 3 -1 2 5 -1 1 2 3 -1 -2	2814	1
3 -1 1 2 -1 3 -1 6 -1 6 -1 1 -1 -2	242	1
1 5 -1 4 -1 1 2 -1 5 -1 -2	5278	1
1 -1 1 -1 2 -1 4 -1 1 5 -1 5 -1 -2	3290	1
3 -1 1 2 -1 1 -1 3 -1 1 2 -1 -2	2643	1
1 -1 5 -1 5 -1 4 -1 2 5 -1 1 -1 -2	3350	1
3 -1 3 -1 1 4 -1 5 -1 1 -1 1 -1 -2	1971	1
3 4 -1 4 -1 1 -1 5 -1 5 -1 1 -1 -2	1645	1
1 -1 1 -1 1 -1 2 -1 5 -1 5 -1 -2	9352	1
5 -1 5 -1 3 -1 1 5 -1 1 -1 2 -1 -2	3742	1
4 -1 5 -1 1 -1 3 -1 1 4 -1 5 -1 -2	1881	1
3 4 -1 3 -1 4 5 -1 5 -1 -2	2399	1
4 -1 3 -1 5 -1 3 -1 1 2 -1 2 -1 -2	1008	1
1 -1 5 -1 6 -1 3 6 -1 4 -1 1 -1 -2	225	1
1 -1 2 3 -1 4 5 -1 4 -1 -2	1679	1
5 -1 1 -1 1 -1 6 -1 4 5 -1 4 -1 -2	625	1
2 -1 5 -1 1 -1 1 2 -1 1 -1 1 -1 -2	6189	1
1 4 -1 5 -1 6 -1 6 -1 4 -1 6 -1 -2	194	1
6 -1 3 -1 3 -1 3 -1 2 5 -1 2 -1 -2	323	1
5 -1 2 5 -1 1 5 -1 3 -1 1 -1 -2	4760	1
1 2 6 -1 3 5 -1 1 -1 1 -1 -2	699	1
1 -1 1 2 5 -1 5 6 -1 1 -1 -2	1588	1
5 -1 1 2 -1 4 -1 5 -1 1 -1 -2	4381	1
1 -1 1 -1 3 -1 5 -1 2 3 -1 6 -1 -2	434	1
1 -1 3 5 -1 1 4 -1 5 -1 -2	4206	1
1 -1 1 3 4 -1 1 3 -1 -2	3031	1
4 -1 2 3 -1 1 -1 4 -1 4 -1 6 -1 -2	185	1
3 5 -1 3 -1 3 4 -1 3 4 -1 -2	1460	1
2 5 -1 1 -1 1 -1 1 -1 1 5 -1 -2	10589	1
1 5 -1 2 -1 1 -1 1 5 -1 2 -1 -2	8468	1
1 4 5 -1 4 -1 1 -1 1 2 -1 -2	3551	1
1 -1 1 2 3 -1 5 6 -1 6 -1 -2	461	1
1 2 3 -1 1 -1 1 -1 1 3 -1 -2	3450	1
3 -1 2 -1 3 -1 1 6 -1 1 -1 -2	593	1
2 -1 1 -1 2 -1 1 -1 1 -1 2 4 -1 -2	1768	1
1 2 -1 2 5 -1 5 -1 5 -1 1 -1 -2	8224	1
6 -1 1 3 5 -1 2 -1 1 -1 4 -1 -2	441	1
2 -1 3 -1 4 -1 5 -1 2 -1 3 5 -1 -2	1039	1
1 -1 1 -1 1 5 -1 1 -1 2 -1 5 -1 -2	8541	1
5 -1 3 -1 5 -1 1 5 -1 1 -1 4 -1 -2	2722	1
2 -1 1 2 -1 2 5 -1 -2	11842	1
2 4 -1 1 -1 1 -1 2 5 -1 6 -1 -2	499	1
1 -1 1 -1 1 5 -1 1 -1 1 -1 -2	27705	1
5 -1 5 -1 5 -1 1 5 -1 1 5 -1 -2	26314	1
1 -1 3 -1 5 -1 1 -1 1 2 -1 -2	4779	1
4 -1 2 4 -1 4 -1 1 4 -1 1 -1 -2	1705	1
1 5 -1 1 -1 4 -1 4 -1 3 -1 2 -1 -2	1254	1
2 -1 3 5 -1 4 -1 2 -1 1 3 -1 -2	1339	1
1 5 -1 1 -1 1 2 -1 5 -1 1 -1 -2	10590	1
6 -1 3 -1 4 -1 1 4 -1 4 -1 4 -1 -2	215	1
1 -1 4 -1 3 -1 2 3 -1 1 -1 1 -1 -2	1112	1
1 -1 5 -1 1 -1 5 -1 1 3 -1 -2	9315	1
5 -1 1 -1 4 5 -1 1 -1 5 -1 1 -1 -2	5839	1
1 2 -1 2 -1 1 5 -1 2 -1 5 -1 -2	6799	1
5 -1 1 -1 5 -1 1 5 -1 2 -1 2 -1 -2	6407	1
1 6 -1 6 -1 1 -1 2 3 -1 5 -1 -2	432	1
2 -1 1 3 -1 1 2 -1 2 5 -1 -2	3512	1
1 2 -1 1 2 -1 4 -1 5 -1 5 -1 -2	3217	1
2 -1 2 -1 1 3 -1 1 5 -1 -2	4768	1
4 -1 1 -1 1 4 -1 1 3 5 -1 -2	2995	1
1 5 -1 1 4 -1 5 -1 3 -1 5 -1 -2	3447	1
2 4 -1 1 5 -1 4 -1 1 4 -1 -2	2483	1
1 -1 1 5 -1 1 -1 1 -1 1 -1 1 -1 -2	19072	1
5 -1 1 -1 2 4 5 -1 1 5 -1 -2	3945	1
1 2 -1 5 -1 2 -1 1 2 -1 2 -1 -2	5654	1
2 6 -1 2 -1 1 2 -1 5 -1 -2	1010	1
1 -1 5 -1 2 -1 2 -1 5 -1 1 -1 -2	6981	1
4 -1 1 -1 1 -1 1 -1 1 4 -1 -2	6021	1
4 -1 4 -1 1 5 -1 2 -1 1 2 -1 -2	2439	1
3 4 -1 3 4 -1 3 4 -1 -2	1776	1
1 5 -1 2 -1 2 5 -1 1 -1 1 -1 -2	8511	1
5 -1 1 -1 4 -1 4 5 -1 3 -1 4 -1 -2	1479	1
6 -1 1 -1 6 -1 2 6 -1 6 -1 5 -1 -2	201	1
5 -1 1 -1 1 -1 1 -1 1 5 -1 -2	27316	1
6 -1 1 -1 3 -1 1 6 -1 6 -1 6 -1 -2	202	1
5 -1 4 -1 1 -1 1 2 -1 6 -1 5 -1 -2	533	1
2 3 -1 1 4 -1 1 -1 5 -1 1 -1 -2	1771	1
1 -1 5 -1 2 -1 5 -1 5 -1 2 6 -1 -2	714	1
5 -1 2 -1 5 -1 5 -1 2 -1 5 -1 1 -1 -2	4684	1
1 -1 1 3 -1 6 -1 3 -1 6 -1 1 -1 -2	375	1
1 4 -1 5 -1 1 -1 -2	12363	1
4 -1 1 -1 4 -1 3 4 -1 6 -1 3 -1 -2	196	1
5 -1 2 -1 4 -1 5 -1 6 -1 1 -1 5 -1 -2	389	1
1 5 -1 5 -1 1 4 -1 5 -1 -2	9782	1
1 -1 1 -1 1 2 -1 2 5 -1 2 -1 -2	6542	1
3 -1 5 -1 6 -1 1 -1 6 -1 1 -1 -2	526	1
2 -1 3 -1 1 -1 1 5 -1 1 -1 5 -1 -2	3597	1
1 -1 5 -1 1 2 -1 1 5 -1 4 -1 -2	4157	1
6 -1 1 -1 1 2 -1 1 -1 1 5 -1 -2	1416	1
1 2 -1 1 -1 1 6 -1 1 -1 1 -1 -2	1403	1
5 -1 5 6 -1 2 -1 1 2 -1 5 -1 -2	1186	1
4 -1 2 5 -1 1 -1 1 -1 1 4 -1 -2	2869	1
2 -1 1 4 -1 2 -1 1 -1 5 -1 4 -1 -2	1693	1
1 5 -1 3 5 -1 6 -1 3 5 -1 -2	1197	1
1 4 -1 1 5 -1 1 -1 2 5 -1 -2	4809	1
1 4 5 -1 4 -1 1 6 -1 -2	1157	1
2 5 -1 5 -1 3 -1 1 3 -1 1 -1 -2	3390	1
3 -1 1 2 -1 5 -1 1 4 -1 3 -1 -2	1587	1
2 -1 6 -1 3 -1 1 5 -1 1 3 -1 -2	613	1
1 -1 4 -1 4 -1 2 -1 1 -1 1 4 -1 -2	1673	1
2 3 6 -1 1 2 -1 2 -1 1 -1 -2	409	1
2 -1 2 5 -1 1 5 -1 3 4 -1 -2	1713	1
1 -1 1 -1 1 -1 1 -1 1 -1 1 5 -1 -2	19271	1
2 -1 1 -1 3 -1 1 6 -1 2 -1 2 -1 -2	428	1
1 -1 3 5 -1 1 5 -1 1 -1 1 -1 -2	8562	1
1 5 -1 2 5 -1 1 5 -1 3 -1 -2	5764	1
1 -1 2 -1 5 -1 2 -1 1 -1 2 5 -1 -2	5113	1
5 -1 4 -1 1 2 -1 1 -1 4 -1 3 -1 -2	1167	1
5 6 -1 1 -1 1 -1 4 -1 1 -1 5 -1 -2	878	1
5 -1 3 -1 3 -1 5 -1 1 3 -1 -2	5879	1
3 -1 2 -1 5 -1 3 4 -1 1 -1 -2	1425	1
2 -1 5 -1 2 5 -1 3 -1 1 2 -1 -2	3054	1
2 -1 2 -1 1 -1 1 4 -1 5 -1 5 -1 -2	2536	1
4 -1 1 -1 4 -1 1 -1 5 -1 4 -1 -2	3384	1
3 -1 3 -1 3 -1 1 -1 1 2 -1 4 -1 -2	1006	1
1 5 -1 4 -1 3 -1 1 4 -1 -2	3243	1
1 -1 2 3 -1 3 4 5 -1 1 -1 -2	1437	1
3 -1 3 -1 1 3 -1 3 -1 3 -1 -2	4739	1
5 -1 3 -1 1 2 -1 1 -1 1 -1 3 -1 -2	2670	1
1 4 -1 2 3 -1 1 4 -1 1 -1 -2	1617	1
4 -1 4 -1 5 -1 1 -1 5 -1 1 -1 1 -1 -2	2853	1
3 -1 1 2 -1 1 -1 2 -1 1 -1 1 -1 -2	2695	1
1 -1 1 -1 1 -1 2 -1 2 -1 1 5 -1 -2	6353	1
2 -1 4 5 -1 1 -1 1 -1 5 -1 -2	4329	1
1 4 5 -1 4 5 -1 1 -1 1 -1 -2	6399	1
4 -1 3 -1 5 -1 1 -1 1 3 5 -1 -2	2549	1
3 -1 2 3 -1 5 -1 5 -1 2 -1 1 -1 -2	1844	1
3 5 -1 5 -1 5 -1 1 5 -1 1 -1 -2	8758	1
1 2 -1 2 -1 1 -1 6 -1 1 6 -1 -2	616	1
1 5 -1 3 4 -1 4 5 -1 3 -1 -2	2155	1
1 3 -1 6 -1 4 -1 3 -1 1 -1 4 -1 -2	282	1
1 -1 1 -1 4 5 -1 4 -1 1 3 -1 -2	2478	1
3 -1 4 -1 1 -1 1 5 -1 1 5 -1 -2	3402	1
1 -1 1 5 -1 5 -1 1 5 -1 2 -1 -2	11257	1
2 -1 1 -1 1 3 -1 4 6 -1 1 -1 -2	325	1
1 3 -1 4 5 -1 4 -1 1 -1 1 -1 -2	2397	1
1 3 -1 1 3 4 -1 5 -1 5 -1 -2	2513	1
5 -1 4 -1 1 -1 4 -1 1 -1 3 -1 -2	2075	1
3 -1 1 3 5 -1 1 5 -1 4 -1 -2	3189	1
6 -1 1 -1 6 -1 5 -1 1 5 -1 5 -1 -2	1224	1
1 -1 3 -1 4 -1 4 -1 1 3 -1 -2	2047	1
1 -1 1 5 -1 1 -1 5 -1 3 -1 -2	9907	1
1 -1 2 3 -1 1 2 -1 1 5 -1 -2	3670	1
2 -1 6 -1 2 5 -1 3 -1 1 -1 3 -1 -2	380	1
3 -1 4 -1 4 5 -1 1 5 -1 1 -1 -2	2497	1
3 -1 4 -1 1 -1 1 -1 1 -1 1 -1 -2	2757	1
1 -1 5 -1 2 -1 4 5 -1 1 5 -1 -2	4263	1
1 3 5 -1 5 -1 3 -1 5 -1 1 -1 -2	6331	1
1 -1 6 -1 1 -1 1 5 -1 1 5 -1 -2	2657	1
1 3 -1 1 -1 2 -1 2 4 -1 3 -1 -2	1138	1
3 4 -1 6 -1 2 -1 2 3 -1 2 -1 -2	228	1
4 -1 1 -1 5 -1 5 -1 5 -1 4 -1 5 -1 -2	2903	1
5 -1 4 -1 3 5 -1 4 -1 1 2 -1 -2	1576	1
1 3 -1 3 4 -1 2 -1 3 -1 2 -1 -2	983	1
5 -1 1 -1 1 5 -1 6 -1 1 -1 -2	2771	1
1 -1 1 -1 5 -1 5 -1 5 -1 1 2 -1 -2	8063	1
1 5 -1 1 5 -1 3 -1 1 5 -1 -2	11022	1
3 -1 1 -1 4 -1 1 5 -1 2 -1 1 -1 -2	1644	1
5 -1 3 6 -1 1 2 4 -1 1 -1 -2	374	1
4 -1 3 4 6 -1 2 -1 1 -1 1 -1 -2	200	1
2 5 -1 5 -1 1 5 -1 2 5 -1 -2	10831	1
4 -1 1 -1 2 -1 1 2 -1 4 -1 -2	2504	1
1 -1 2 -1 2 5 -1 2 -1 1 5 -1 -2	6896	1
1 -1 1 -1 5 -1 2 5 -1 1 -1 3 -1 -2	3678	1
5 -1 1 -1 1 5 -1 1 -1 1 -1 3 -1 -2	7101	1
2 -1 5 -1 5 -1 1 3 5 -1 5 -1 -2	4623	1
1 3 4 -1 4 -1 4 -1 1 4 -1 -2	1665	1
5 -1 1 2 5 -1 1 -1 1 5 -1 -2	12039	1
2 3 -1 2 -1 2 3 -1 1 5 -1 -2	2501	1
1 5 -1 1 -1 3 5 -1 1 -1 3 -1 -2	6665	1
1 -1 2 3 5 -1 1 -1 3 -1 3 -1 -2	2417	1
1 -1 1 3 -1 2 6 -1 3 5 -1 -2	592	1
3 -1 1 4 -1 1 5 -1 1 5 -1 -2	3944	1
1 2 -1 2 -1 3 5 -1 3 -1 2 -1 -2	2256	1
5 -1 2 5 -1 1 -1 1 3 -1 3 -1 -2	3416	1
1 5 -1 1 -1 2 5 -1 1 -1 -2	13862	1
5 -1 1 -1 5 -1 6 -1 6 -1 5 -1 -2	1197	1
1 5 -1 1 2 -1 1 -1 1 -1 4 -1 -2	4156	1
1 -1 1 -1 3 5 -1 5 -1 1 -1 2 -1 -2	3580	1
1 5 -1 1 -1 1 -1 1 -1 5 -1 -2	27479	1
1 3 -1 3 -1 2 4 -1 4 -1 4 -1 -2	846	1
1 4 -1 3 -1 1 -1 1 -1 4 -1 1 -1 -2	1839	1
1 5 -1 2 -1 5 -1 1 -1 1 5 -1 -2	11173	1
6 -1 1 -1 5 -1 1 -1 1 -1 5 -1 -2	2202	1
4 -1 1 -1 1 -1 1 5 -1 4 -1 2 -1 -2	2277	1
2 -1 5 -1 5 -1 5 -1 1 -1 5 -1 1 -1 -2	6124	1
3 -1 1 -1 3 -1 3 5 -1 1 -1 3 -1 -2	3204	1
3 -1 2 5 -1 3 -1 3 -1 2 3 -1 -2	1748	1
1 5 -1 5 -1 1 -1 1 -1 3 -1 1 -1 -2	6977	1
1 -1 1 -1 4 -1 1 -1 2 5 -1 4 -1 -2	2210	1
5 -1 3 -1 6 -1 2 6 -1 3 5 -1 -2	315	1
2 4 -1 6 -1 6 -1 6 -1 5 -1 1 -1 -2	174	1
5 -1 3 6 -1 4 5 -1 1 -1 -2	593	1
2 3 5 -1 4 -1 3 -1 1 -1 5 -1 -2	1415	1
5 -1 1 -1 1 6 -1 1 3 6 -1 -2	627	1
5 -1 4 -1 4 -1 1 -1 1 3 -1 -2	2687	1
5 -1 2 5 -1 1 5 -1 3 -1 -2	6165	1
1 -1 3 -1 1 -1 3 4 5 -1 5 -1 -2	2142	1
1 6 -1 6 -1 1 2 -1 5 -1 1 -1 -2	897	1
3 -1 1 2 -1 5 -1 3 -1 1 2 -1 -2	2637	1
6 -1 6 -1 4 -1 2 -1 1 -1 2 5 -1 -2	276	1
1 -1 4 5 -1 1 -1 1 -1 2 -1 1 -1 -2	3188	1
1 -1 4 5 -1 1 -1 1 4 -1 4 -1 -2	4054	1
2 6 -1 1 -1 1 6 -1 1 5 -1 -2	839	1
2 4 -1 1 -1 5 -1 6 -1 2 5 -1 -2	526	1
3 -1 1 -1 1 -1 1 -1 1 5 -1 1 -1 -2	6688	1
5 -1 3 5 -1 4 -1 4 -1 2 5 -1 -2	1651	1
1 2 -1 5 -1 5 -1 1 2 -1 2 -1 -2	6561	1
3 5 -1 2 5 -1 1 4 -1 -2	2861	1
4 -1 1 -1 5 -1 3 -1 5 -1 1 -1 3 -1 -2	1404	1
2 -1 1 2 5 -1 1 -1 3 4 -1 -2	1653	1
1 -1 1 5 -1 1 2 -1 1 -1 1 -1 -2	10652	1
1 5 -1 5 -1 5 -1 5 -1 2 4 -1 -2	3600	1
1 -1 3 -1 4 6 -1 3 4 -1 4 -1 -2	231	1
2 -1 1 5 -1 5 -1 3 4 -1 4 -1 -2	1322	1
1 -1 3 5 -1 5 -1 3 -1 2 -1 -2	3915	1
5 -1 1 5 -1 3 -1 1 3 4 -1 -2	2488	1
1 -1 2 -1 4 -1 4 -1 6 -1 1 5 -1 -2	392	1
1 -1 4 -1 3 -1 1 6 -1 3 -1 -2	499	1
4 -1 2 -1 1 -1 1 4 -1 1 5 -1 -2	2998	1
5 -1 5 -1 3 5 -1 3 5 -1 5 -1 -2	7868	1
1 -1 1 3 -1 1 2 5 -1 -2	5988	1
1 -1 6 -1 2 3 -1 5 6 -1 -2	495	1
4 -1 1 5 -1 1 -1 1 -1 1 -1 -2	8310	1
4 -1 1 -1 3 4 -1 1 3 -1 5 -1 -2	1677	1
5 -1 3 -1 6 -1 1 -1 2 -1 4 6 -1 -2	151	1
4 -1 4 -1 5 -1 1 4 6 -1 6 -1 -2	250	1
1 2 -1 1 2 4 -1 1 5 -1 -2	3607	1
5 -1 4 -1 1 -1 1 4 -1 6 -1 4 -1 -2	420	1
1 5 -1 1 -1 5 -1 1 -1 1 -1 2 -1 -2	8530	1
1 -1 1 -1 1 -1 1 5 -1 1 -1 -2	27730	1
1 -1 2 -1 4 -1 4 5 -1 4 -1 3 -1 -2	930	1
1 2 -1 2 -1 1 -1 2 4 5 -1 -2	2727	1
5 6 -1 2 -1 1 -1 1 2 -1 2 -1 -2	916	1
5 -1 5 -1 4 -1 2 4 6 -1 1 -1 -2	300	1
1 2 -1 4 5 -1 5 -1 1 -1 2 -1 -2	3113	1
6 -1 5 -1 1 5 -1 1 -1 3 5 -1 -2	1233	1
4 -1 5 -1 1 4 -1 5 -1 1 -1 -2	5919	1
1 4 5 -1 1 -1 3 -1 5 -1 1 -1 -2	3297	1
4 -1 2 4 5 -1 2 -1 1 4 -1 -2	2086	1
1 2 -1 1 -1 2 -1 4 -1 1 -1 5 -1 -2	2481	1
5 -1 1 5 -1 4 -1 1 5 -1 4 -1 -2	5635	1
3 5 -1 2 -1 5 -1 5 -1 2 -1 6 -1 -2	500	1
2 -1 1 2 5 -1 1 5 -1 1 -1 -2	9917	1
2 5 -1 4 5 -1 1 -1 1 -1 -2	5117	1
6 -1 2 -1 5 -1 2 -1 5 -1 1 5 -1 -2	885	1
1 5 -1 4 -1 1 -1 5 -1 2 -1 1 -1 -2	3289	1
2 5 -1 2 5 -1 4 5 -1 2 -1 -2	3680	1
1 2 -1 1 -1 1 -1 2 5 -1 5 -1 -2	8025	1
1 5 6 -1 2 5 -1 2 -1 5 -1 -2	1378	1
1 -1 2 -1 1 -1 1 -1 2 -1 3 -1 5 -1 -2	1933	1
6 -1 6 -1 1 -1 2 -1 4 -1 1 5 -1 -2	342	1
2 -1 3 5 -1 5 -1 2 -1 1 -1 5 -1 -2	2893	1
5 -1 1 -1 2 -1 1 2 6 -1 1 -1 -2	832	1
4 -1 1 -1 2 5 -1 1 -1 2 -1 1 -1 -2	2507	1
1 5 -1 1 -1 6 -1 1 -1 6 -1 -2	1624	1
5 -1 5 -1 1 -1 2 3 5 -1 -2	4721	1
3 -1 3 -1 1 5 -1 1 -1 1 5 -1 -2	6750	1
1 6 -1 1 -1 5 -1 1 5 -1 2 -1 -2	1425	1
1 -1 1 3 -1 1 -1 5 -1 5 -1 5 -1 -2	6538	1
3 -1 3 -1 3 4 5 -1 1 -1 2 -1 -2	1196	1
5 -1 2 -1 3 -1 1 -1 1 -1 4 -1 1 -1 -2	1138	1
4 -1 2 -1 1 4 -1 1 -1 -2	4273	1
2 -1 6 -1 1 -1 1 -1 1 4 -1 2 -1 -2	466	1
5 -1 1 -1 2 5 -1 1 4 -1 4 -1 -2	2899	1
1 -1 1 -1 4 -1 3 -1 5 -1 3 -1 -2	2225	1
3 5 -1 1 2 -1 1 5 -1 6 -1 -2	940	1
2 -1 2 -1 1 5 -1 5 -1 1 5 -1 -2	8933	1
3 5 -1 1 3 -1 5 -1 1 -1 3 -1 -2	5247	1
2 -1 6 -1 1 2 -1 5 6 -1 2 -1 -2	526	1
5 -1 4 -1 2 -1 4 5 -1 2 -1 5 -1 -2	1887	1
2 -1 1 -1 3 6 -1 3 -1 1 2 -1 -2	400	1
2 4 -1 3 -1 1 2 5 -1 1 -1 -2	1762	1
5 -1 1 -1 3 5 -1 1 -1 5 -1 5 -1 -2	6880	1
5 -1 5 -1 5 -1 1 5 -1 2 -1 6 -1 -2	1154	1
3 -1 2 -1 1 4 -1 5 -1 2 -1 2 -1 -2	1034	1
2 -1 2 -1 2 4 -1 2 -1 1 2 -1 -2	1866	1
1 -1 1 -1 1 -1 2 -1 3 -1 1 -1 -2	4019	1
1 -1 2 5 6 -1 2 -1 1 -1 -2	1151	1
5 -1 1 -1 2 -1 1 2 -1 5 -1 1 -1 -2	6110	1
1 3 -1 3 -1 6 -1 4 5 -1 -2	608	1
1 2 3 -1 3 5 -1 2 -1 2 -1 -2	2474	1
4 -1 1 -1 5 -1 2 -1 2 5 -1 1 -1 -2	2536	1
1 4 -1 1 -1 1 4 5 -1 1 -1 -2	6301	1
2 3 -1 1 -1 3 -1 4 -1 -2	1926	1
1 -1 5 -1 3 -1 5 -1 1 3 -1 1 -1 -2	4899	2
1 3 -1 3 -1 5 -1 1 5 -1 -2	8599	1
2 -1 1 -1 2 -1 1 -1 3 -1 1 -1 -2	3102	1
1 5 -1 1 5 -1 1 4 -1 2 -1 -2	5123	1
1 -1 3 -1 1 5 -1 1 2 3 -1 -2	3481	1
2 3 -1 1 5 -1 5 -1 1 -1 -2	4783	1
1 2 -1 1 2 -1 5 -1 -2	13544	1
1 -1 1 -1 4 -1 1 -1 1 3 -1 2 -1 -2	1641	1
1 -1 3 -1 4 5 -1 3 -1 3 -1 -2	2284	1
1 -1 1 3 -1 5 -1 5 -1 1 3 -1 -2	6391	1
3 -1 1 2 4 -1 2 -1 1 -1 3 -1 -2	1114	1
1 3 6 -1 3 4 -1 6 -1 3 -1 -2	246	1
1 -1 2 -1 1 -1 1 5 -1 1 -1 1 -1 -2	8460	1
1 -1 2 4 -1 1 -1 4 -1 3 4 -1 -2	965	1
1 -1 2 4 -1 6 -1 1 4 5 -1 -2	577	1
1 -1 1 -1 3 -1 1 6 -1 -2	1588	1
2 3 -1 1 -1 5 -1 3 5 -1 1 -1 -2	3022	1
2 -1 3 5 -1 1 -1 1 6 -1 4 -1 -2	417	1
6 -1 6 -1 4 -1 5 -1 1 -1 -2	834	1
1 -1 1 4 -1 1 4 -1 1 5 -1 -2	6655	1
1 -1 1 5 -1 1 3 -1 3 -1 1 -1 -2	6465	1
1 -1 4 -1 5 -1 1 3 -1 1 2 -1 -2	2042	1
3 -1 2 -1 2 -1 2 4 -1 5 -1 4 -1 -2	738	1
2 -1 2 -1 2 5 -1 1 -1 5 -1 5 -1 -2	5419	1
5 -1 1 -1 1 3 5 -1 4 -1 4 -1 -2	2444	1
2 -1 3 -1 1 5 -1 1 2 5 -1 -2	4237	1
2 -1 1 2 -1 3 5 -1 1 5 -1 -2	4453	1
1 4 -1 2 6 -1 1 -1 2 3 -1 -2	362	1
1 -1 1 -1 3 5 -1 3 -1 3 -1 5 -1 -2	3928	1
1 4 -1 1 5 -1 5 -1 1 5 -1 -2	8822	1
5 -1 1 3 -1 3 5 -1 1 -1 5 -1 -2	6423	1
1 2 -1 1 4 -1 1 -1 -2	6080	1
1 5 -1 6 -1 1 -1 2 -1 4 5 -1 -2	759	1
1 3 -1 3 -1 1 3 5 -1 1 -1 -2	6312	1
1 -1 1 -1 1 2 3 -1 2 -1 3 -1 -2	2337	1
2 -1 1 2 -1 1 -1 2 -1 1 5 -1 -2	6845	1
1 6 -1 1 -1 5 -1 4 5 -1 1 -1 -2	1100	1
1 2 -1 1 4 -1 4 6 -1 -2	603	1
1 2 -1 1 -1 2 5 -1 2 -1 1 -1 -2	6640	1
1 -1 4 -1 1 -1 2 5 -1 6 -1 2 -1 -2	449	1
1 -1 5 -1 2 -1 1 -1 1 -1 5 -1 1 -1 -2	5920	1
5 -1 5 -1 1 4 -1 1 -1 4 -1 -2	5800	1
1 3 6 -1 4 -1 3 -1 1 -1 -2	475	1
5 -1 1 2 -1 1 -1 5 -1 2 5 -1 -2	8114	1
2 5 -1 1 2 -1 4 5 -1 -2	4821	1
1 -1 1 5 -1 1 -1 1 6 -1 1 -1 -2	2461	1
1 -1 2 5 -1 1 2 -1 1 4 -1 -2	3863	1
2 3 4 -1 1 2 -1 2 -1 3 -1 -2	1013	1
1 -1 4 -1 3 -1 5 -1 4 -1 2 3 -1 -2	805	1
5 -1 1 5 -1 4 -1 4 -1 1 -1 4 -1 -2	3167	1
1 5 -1 4 5 6 -1 4 -1 2 -1 -2	542	1
6 -1 1 3 -1 1 -1 1 -1 1 -1 1 -1 -2	925	1
5 -1 5 -1 1 2 -1 4 -1 4 -1 3 -1 -2	1178	1
1 -1 2 -1 2 -1 2 4 6 -1 2 -1 -2	274	1
3 4 -1 3 -1 5 -1 1 -1 2 3 -1 -2	1079	1
1 -1 1 -1 1 -1 2 5 -1 5 -1 -2	11541	1
1 4 -1 1 -1 5 -1 3 4 5 -1 -2	2338	1
1 -1 1 5 -1 1 -1 2 3 -1 1 -1 -2	3834	1
1 4 -1 1 5 -1 4 -1 2 -1 2 -1 -2	2415	1
1 -1 3 -1 1 3 -1 1 -1 3 -1 4 -1 -2	1606	1
1 5 -1 5 -1 4 -1 1 -1 3 4 -1 -2	2068	1
3 -1 2 -1 5 -1 1 6 -1 4 -1 4 -1 -2	244	1
3 -1 1 -1 3 -1 1 5 -1 1 -1 1 -1 -2	4977	1
1 2 -1 5 6 -1 5 -1 1 6 -1 -2	958	1
2 -1 5 -1 1 4 -1 1 -1 1 -1 -2	4244	1
1 -1 1 -1 1 -1 1 -1 3 5 -1 3 -1 -2	4978	1
5 -1 1 -1 1 2 4 -1 3 -1 1 -1 -2	1755	1
5 -1 1 3 5 -1 6 -1 4 -1 1 -1 -2	593	1
1 -1 4 -1 1 -1 1 -1 5 -1 1 5 -1 -2	5944	1
6 -1 5 -1 3 5 -1 5 -1 1 -1 -2	1283	1
3 -1 1 -1 1 4 5 -1 1 -1 5 -1 -2	3207	1
1 -1 5 -1 2 -1 1 -1 3 5 -1 1 -1 -2	3615	1
3 -1 1 -1 5 -1 6 -1 1 3 -1 4 -1 -2	364	1
1 3 -1 1 -1 5 -1 1 5 -1 1 -1 -2	8292	1
5 -1 1 5 -1 2 -1 1 4 -1 1 -1 -2	4153	1
1 3 -1 1 -1 4 -1 1 4 -1 5 -1 -2	2330	1
1 5 -1 1 2 -1 2 -1 3 -1 5 -1 -2	3749	1
5 -1 1 -1 5 6 -1 1 -1 5 -1 -2	2771	1
1 -1 3 5 -1 1 3 4 -1 1 -1 -2	2436	1
1 -1 3 -1 5 -1 2 -1 1 -1 5 -1 5 -1 -2	2609	1
2 5 -1 5 -1 1 4 -1 5 -1 -2	5179	1
1 -1 5 6 -1 2 -1 4 -1 5 -1 5 -1 -2	570	1
4 5 -1 1 4 -1 1 5 -1 -2	8287	1
1 4 -1 4 6 -1 1 -1 1 -1 3 -1 -2	373	1
1 4 -1 2 -1 1 -1 2 5 -1 1 -1 -2	3192	1
5 -1 1 2 -1 1 -1 2 3 5 -1 -2	3570	1
4 -1 2 3 5 -1 1 -1 2 4 -1 -2	1202	1
1 -1 1 -1 1 -1 1 5 -1 1 4 -1 -2	7530	1
1 -1 1 -1 2 -1 5 -1 5 -1 1 3 -1 -2	3591	1
1 -1 3 -1 1 -1 3 -1 1 2 3 -1 -2	2375	1
5 -1 1 -1 5 -1 2 6 -1 2 -1 6 -1 -2	398	1
5 6 -1 1 5 -1 5 -1 1 5 -1 -2	3201	1
1 -1 3 -1 1 -1 2 5 -1 6 -1 6 -1 -2	309	1
5 -1 1 -1 1 -1 1 4 -1 3 -1 2 -1 -2	1650	1
4 -1 2 5 -1 1 -1 5 -1 4 -1 -2	3208	1
6 -1 1 6 -1 2 -1 6 -1 3 -1 5 -1 -2	218	1
3 5 -1 1 -1 4 5 -1 1 -1 -2	4175	1
2 -1 6 -1 1 -1 1 -1 5 -1 1 4 -1 -2	547	1
1 6 -1 3 -1 1 -1 3 5 -1 6 -1 -2	522	1
1 -1 5 -1 3 -1 5 -1 1 -1 1 2 -1 -2	3520	1
1 -1 1 -1 5 -1 3 -1 1 5 -1 -2	9715	1
1 -1 5 -1 1 5 -1 1 -1 1 -1 3 -1 -2	7018	1
1 4 -1 3 -1 1 -1 1 3 4 -1 -2	1940	1
4 -1 3 -1 1 -1 5 -1 3 -1 3 5 -1 -2	1592	1
4 5 -1 1 -1 5 -1 1 -1 2 5 -1 -2	4167	1
5 -1 2 -1 1 5 -1 1 2 -1 1 -1 -2	8277	1
1 2 -1 1 -1 1 -1 4 -1 5 -1 3 -1 -2	1667	1
1 -1 3 -1 2 -1 3 -1 3 -1 1 -1 -2	2269	1
1 2 -1 1 5 -1 3 4 -1 5 -1 -2	1983	1
2 5 -1 2 -1 1 -1 1 -1 1 -1 5 -1 -2	6445	1
5 -1 5 -1 1 -1 1 5 -1 4 -1 5 -1 -2	6336	1
1 -1 2 -1 3 -1 5 -1 4 -1 4 5 -1 -2	1167	1
5 -1 3 -1 1 3 5 -1 3 -1 1 -1 -2	5121	1
2 -1 1 2 4 -1 4 5 -1 5 -1 -2	2484	1
2 -1 4 -1 1 -1 5 -1 1 -1 2 -1 -2	2598	1
1 -1 5 -1 5 -1 5 -1 2 5 -1 1 -1 -2	8581	1
2 -1 1 -1 3 -1 2 -1 2 3 -1 -2	2243	1
4 -1 2 3 -1 2 -1 5 -1 1 2 -1 -2	1314	1
4 -1 2 4 -1 4 -1 1 3 -1 -2	1494	1
1 -1 2 -1 5 -1 1 -1 1 -1 3 -1 2 -1 -2	1909	1
1 5 -1 1 5 -1 1 6 -1 5 -1 -2	3054	1
2 -1 1 2 4 -1 4 -1 1 -1 3 -1 -2	1159	1
1 -1 1 -1 5 -1 2 4 -1 6 -1 1 -1 -2	452	1
3 -1 2 -1 1 3 -1 1 2 -1 2 -1 -2	2195	1
1 5 -1 1 4 -1 1 -1 5 -1 2 -1 -2	4041	1
2 -1 1 -1 1 2 3 5 -1 -2	4002	1
6 -1 1 2 -1 4 -1 2 -1 1 2 -1 -2	506	1
1 -1 2 -1 1 -1 1 -1 1 5 -1 -2	11954	1
1 2 -1 1 -1 1 5 -1 1 -1 5 -1 -2	10380	1
1 3 -1 5 -1 2 -1 3 -1 3 5 -1 -2	2739	1
1 -1 4 -1 5 -1 1 5 -1 1 5 -1 -2	7749	1
4 5 -1 1 -1 1 5 -1 5 -1 1 -1 -2	7495	1
4 -1 1 3 -1 5 -1 3 5 -1 2 -1 -2	1668	1
2 5 -1 1 -1 5 -1 2 4 -1 3 -1 -2	1550	1
1 3 -1 3 5 -1 1 4 5 -1 -2	3467	1
1 -1 2 -1 3 -1 5 -1 1 -1 5 -1 4 -1 -2	1151	1
1 -1 2 3 -1 5 -1 1 -1 1 -1 3 -1 -2	2355	1
1 -1 4 5 -1 4 -1 2 -1 5 -1 -2	3311	1
4 -1 5 -1 2 -1 2 -1 1 -1 2 -1 2 -1 -2	1159	1
1 -1 4 -1 6 -1 1 5 -1 1 3 -1 -2	628	1
5 -1 1 5 -1 1 -1 3 5 -1 -2	11581	1
1 3 -1 3 -1 5 -1 1 -1 5 -1 -2	7073	1
5 -1 2 5 -1 2 -1 3 -1 1 -1 2 -1 -2	2319	1
1 3 -1 6 -1 2 4 -1 1 2 -1 -2	431	1
1 -1 1 -1 4 -1 4 -1 2 -1 2 4 -1 -2	1218	1
5 6 -1 4 6 -1 3 5 -1 3 -1 -2	302	1
1 -1 5 -1 1 -1 1 -1 4 -1 -2	9302	1
2 -1 1 -1 2 5 -1 1 -1 2 -1 1 -1 -2	5012	1
6 -1 1 -1 5 -1 1 5 -1 1 5 -1 -2	2653	1
2 -1 3 -1 1 -1 4 -1 1 -1 2 3 -1 -2	931	1
1 -1 2 -1 4 -1 3 4 -1 1 -1 5 -1 -2	1030	1
5 -1 5 -1 1 4 -1 6 -1 1 4 -1 -2	769	1
5 -1 5 -1 6 -1 1 -1 1 4 -1 -2	1235	1
1 4 -1 3 -1 1 -1 1 -1 4 -1 5 -1 -2	1833	1
2 -1 3 4 -1 1 -1 1 5 -1 2 -1 -2	1427	1
5 -1 2 -1 1 4 -1 4 -1 2 -1 5 -1 -2	1780	1
1 -1 2 -1 4 5 -1 1 -1 2 -1 -2	3407	1
4 -1 1 -1 1 -1 3 -1 1 5 -1 4 -1 -2	1865	1
1 -1 5 -1 2 -1 2 -1 1 -1 1 2 -1 -2	4935	1
5 -1 1 6 -1 1 6 -1 -2	2447	1
3 -1 4 -1 2 -1 2 -1 3 4 -1 -2	878	1
5 -1 1 -1 3 -1 2 -1 1 -1 1 3 -1 -2	2665	1
1 2 -1 2 5 -1 2 -1 3 -1 -2	4060	1
1 -1 1 -1 3 5 -1 1 -1 5 -1 5 -1 -2	6676	1
1 -1 4 5 -1 2 -1 1 2 5 -1 -2	3836	1
2 4 5 -1 3 -1 5 -1 4 -1 -2	1717	1
6 -1 1 -1 1 -1 1 -1 1 6 -1 -2	1649	1
2 -1 1 3 -1 3 -1 2 3 -1 5 -1 -2	1971	1
1 -1 2 3 -1 2 -1 1 2 5 -1 -2	3079	1
4 -1 1 4 5 -1 3 -1 4 -1 1 -1 -2	1937	1
1 3 -1 3 -1 6 -1 1 -1 2 5 -1 -2	605	1
1 5 -1 1 3 -1 1 3 -1 -2	9874	1
1 -1 5 -1 5 -1 1 -1 1 -1 -2	30577	1
5 -1 1 5 -1 5 -1 2 -1 1 -1 2 -1 -2	6594	1
2 4 -1 5 -1 1 -1 1 -1 2 4 -1 -2	1862	1
2 -1 1 -1 3 -1 1 -1 3 -1 1 -1 -2	2888	1
2 5 -1 1 5 -1 5 -1 3 4 -1 -2	2054	1
3 -1 1 2 -1 1 -1 1 2 -1 1 -1 -2	3504	1
5 -1 1 -1 5 -1 1 4 -1 3 -1 3 -1 -2	1987	1
2 -1 5 -1 1 2 3 -1 1 -1 1 -1 -2	2941	1
5 -1 2 3 -1 2 3 -1 1 2 -1 -2	2335	1
3 -1 1 -1 4 5 -1 2 -1 1 3 -1 -2	1625	1
5 -1 1 -1 1 5 -1 1 -1 1 5 -1 -2	24934	1
1 6 -1 5 -1 1 -1 2 3 -1 -2	815	1
2 -1 1 -1 5 -1 1 4 5 -1 -2	4916	1
4 -1 1 4 6 -1 1 2 -1 1 -1 -2	520	1
1 -1 1 5 -1 1 2 -1 1 2 -1 -2	9911	1
1 4 -1 4 5 -1 1 -1 1 5 -1 -2	6584	1
1 -1 1 4 -1 4 -1 1 -1 2 -1 -2	3247	1
1 5 -1 1 4 -1 6 -1 -2	1696	1
4 -1 4 -1 1 -1 4 5 -1 3 -1 2 -1 -2	961	1
1 6 -1 4 -1 2 -1 1 -1 2 -1 1 -1 -2	487	1
3 -1 5 -1 3 5 -1 1 -1 1 -1 -2	7099	1
2 5 -1 1 3 5 -1 -2	7063	1
5 6 -1 1 -1 5 -1 6 -1 2 3 -1 -2	417	1
1 6 -1 5 -1 6 -1 1 5 -1 -2	2138	1
1 2 5 -1 1 -1 1 -1 1 -1 1 -1 -2	9962	1
1 2 -1 1 2 -1 1 -1 1 5 -1 -2	10008	1
3 -1 2 -1 1 -1 4 5 -1 5 -1 5 -1 -2	1661	1
1 2 3 -1 2 5 -1 5 -1 3 -1 -2	2933	1
1 -1 1 2 -1 1 -1 2 -1 1 -1 -2	9425	1
2 -1 5 6 -1 3 -1 5 -1 3 -1 1 -1 -2	477	1
5 -1 2 -1 1 2 -1 1 5 -1 2 -1 -2	6792	1
1 -1 1 3 -1 1 2 5 -1 5 -1 -2	5041	1
5 -1 1 -1 5 -1 3 -1 2 4 -1 5 -1 -2	1471	1
2 -1 1 -1 1 -1 1 5 -1 4 -1 -2	4442	1
1 2 -1 1 -1 2 5 -1 1 -1 -2	10717	1
1 -1 4 5 -1 2 -1 3 -1 3 -1 1 -1 -2	1229	1
1 3 -1 1 -1 2 3 -1 5 -1 1 -1 -2	2933	1
6 -1 3 6 -1 1 5 -1 1 -1 1 -1 -2	590	1
1 -1 5 -1 3 -1 1 -1 1 -1 2 -1 1 -1 -2	2562	1
4 -1 3 -1 2 5 -1 1 -1 2 -1 2 -1 -2	1086	1
4 5 -1 1 -1 4 -1 3 -1 1 -1 -2	2769	1
1 -1 6 -1 4 -1 1 5 -1 4 -1 4 -1 -2	462	1
1 4 -1 1 -1 6 -1 1 -1 6 -1 2 -1 -2	314	1
5 -1 1 2 5 -1 1 -1 5 -1 1 -1 -2	10049	1
4 5 -1 1 -1 1 5 -1 5 -1 2 -1 -2	4234	1
1 5 -1 3 -1 1 3 -1 3 -1 1 -1 -2	5319	1
3 -1 3 5 -1 2 -1 1 4 5 -1 -2	1971	1
1 3 -1 1 -1 1 2 -1 1 4 -1 -2	2386	1
6 -1 1 -1 6 -1 1 -1 1 -1 5 -1 1 -1 -2	798	1
2 5 -1 4 5 -1 1 5 -1 4 -1 -2	3691	1
1 4 5 -1 4 -1 1 4 -1 5 -1 -2	5237	1
1 -1 3 -1 3 -1 1 2 5 -1 1 -1 -2	3343	1
5 -1 3 -1 4 -1 1 2 -1 1 2 -1 -2	1657	1
4 -1 4 -1 1 2 -1 3 -1 1 -1 5 -1 -2	1212	1
4 -1 4 5 6 -1 3 -1 3 -1 1 -1 -2	300	1
1 6 -1 2 -1 5 -1 6 -1 1 -1 5 -1 -2	612	1
1 -1 1 5 -1 1 2 -1 5 -1 5 -1 -2	10583	1
1 -1 3 5 -1 6 -1 2 4 -1 5 -1 -2	410	1
1 -1 1 5 -1 4 -1 4 -1 5 -1 1 -1 -2	4199	1
4 -1 1 -1 1 -1 1 3 -1 1 5 -1 -2	3392	1
2 -1 4 5 -1 3 -1 2 -1 1 -1 -2	1746	1
5 -1 1 5 -1 1 -1 5 -1 1 5 -1 -2	25249	1
2 -1 2 5 -1 1 -1 1 -1 2 -1 3 -1 -2	2310	1
5 -1 2 5 -1 2 6 -1 2 3 -1 -2	541	1
1 -1 1 6 -1 5 -1 1 5 -1 1 -1 -2	2523	1
1 -1 5 -1 2 -1 3 6 -1 1 3 -1 -2	470	1
5 -1 5 -1 2 -1 1 3 -1 5 -1 -2	5038	1
3 -1 1 -1 3 4 -1 4 5 -1 -2	2170	1
1 3 5 6 -1 4 -1 4 5 -1 -2	490	1
1 -1 5 -1 1 6 -1 1 -1 1 -1 -2	2692	1
1 -1 3 4 -1 4 -1 1 4 5 -1 -2	2000	1
5 -1 5 -1 3 -1 2 -1 1 5 -1 2 -1 -2	2920	1
5 -1 1 2 4 -1 4 -1 1 -1 -2	3115	1
3 -1 2 3 -1 1 -1 3 5 -1 1 -1 -2	2490	1
1 -1 3 -1 1 5 -1 1 -1 1 -1 -2	9564	1
1 -1 5 -1 3 -1 3 -1 2 4 -1 5 -1 -2	1111	1
5 -1 5 6 -1 4 5 6 -1 -2	739	1
2 -1 5 -1 1 -1 5 -1 1 3 -1 5 -1 -2	3607	1
4 -1 1 2 -1 1 -1 3 5 -1 1 -1 -2	2107	1
1 5 6 -1 1 -1 1 5 -1 6 -1 -2	1891	1
3 -1 2 5 -1 2 -1 5 -1 3 5 -1 -2	2956	1
1 -1 1 2 -1 4 -1 5 -1 2 -1 1 -1 -2	2460	1
5 -1 4 -1 5 -1 4 -1 5 -1 1 4 -1 -2	3008	1
5 -1 2 -1 3 5 -1 5 -1 4 -1 1 -1 -2	1666	1
4 5 -1 1 5 -1 2 -1 1 3 -1 -2	2574	1
1 3 -1 5 -1 2 4 -1 2 -1 2 -1 -2	1267	1
4 5 -1 1 3 5 -1 1 -1 5 -1 -2	3908	1
2 -1 3 -1 1 -1 1 5 -1 1 5 -1 -2	4648	1
3 5 -1 1 2 3 -1 2 3 -1 -2	2605	1
2 -1 1 5 -1 5 -1 2 -1 1 -1 -2	9302	1
3 4 -1 4 5 6 -1 1 -1 6 -1 -2	245	1
1 -1 5 -1 1 -1 2 3 5 -1 -2	4610	1
4 -1 3 -1 3 -1 2 -1 1 -1 3 -1 1 -1 -2	700	1
3 4 -1 1 -1 1 4 5 -1 5 -1 -2	2450	1
4 5 -1 3 -1 3 5 -1 5 -1 5 -1 -2	2851	1
1 6 -1 1 -1 1 -1 2 4 6 -1 -2	298	1
1 -1 2 -1 5 -1 2 -1 4 -1 4 -1 1 -1 -2	1169	1
5 -1 1 2 5 -1 5 6 -1 2 -1 -2	1369	1
5 -1 5 -1 1 3 -1 1 -1 1 -1 5 -1 -2	6614	1
3 -1 3 5 -1 5 -1 2 5 -1 -2	4954	1
1 -1 6 -1 6 -1 1 -1 2 3 4 -1 -2	190	1
6 -1 1 4 -1 1 -1 4 5 -1 3 -1 -2	460	1
1 -1 1 -1 1 4 5 -1 1 3 -1 -2	3865	1
1 2 -1 1 -1 1 5 -1 5 -1 1 -1 -2	10314	1
4 -1 1 -1 1 -1 1 -1 1 -1 4 -1 1 -1 -2	2832	1
1 5 -1 1 -1 1 4 -1 5 -1 -2	9736	1
1 5 -1 3 -1 4 -1 4 -1 1 4 -1 -2	1871	1
1 3 5 -1 2 -1 5 -1 1 -1 2 -1 -2	3430	1
6 -1 2 -1 1 6 -1 6 -1 6 -1 2 -1 -2	190	1
5 -1 4 -1 6 -1 4 -1 1 3 4 -1 -2	309	1
1 -1 5 -1 1 -1 1 5 -1 1 5 -1 -2	24914	1
1 -1 5 -1 1 -1 1 6 -1 3 -1 2 -1 -2	625	1
1 -1 3 4 5 6 -1 2 -1 3 -1 -2	245	1
1 -1 6 -1 1 -1 2 3 -1 2 -1 6 -1 -2	238	1
1 3 -1 2 -1 1 5 -1 2 -1 1 -1 -2	3504	1
4 -1 1 -1 1 -1 1 4 -1 5 -1 1 -1 -2	4087	1
1 -1 5 -1 5 -1 1 -1 5 -1 4 -1 -2	6646	1
1 -1 3 5 -1 6 -1 2 -1 1 -1 3 -1 -2	486	1
1 6 -1 1 6 -1 1 -1 2 -1 2 -1 -2	725	1
