AAT_ECOLI -1 0.49 -1 0.29 -1 0.48 -1 0.50 -1 0.56 -1 0.24 -1 0.35 -1 cp -1 -2
ACEA_ECOLI -1 0.07 -1 0.40 -1 0.48 -1 0.50 -1 0.54 -1 0.35 -1 0.44 -1 cp -1 -2
ACEK_ECOLI -1 0.56 -1 0.40 -1 0.48 -1 0.50 -1 0.49 -1 0.37 -1 0.46 -1 cp -1 -2
ACKA_ECOLI -1 0.59 -1 0.49 -1 0.48 -1 0.50 -1 0.52 -1 0.45 -1 0.36 -1 cp -1 -2
ADI_ECOLI -1 0.23 -1 0.32 -1 0.48 -1 0.50 -1 0.55 -1 0.25 -1 0.35 -1 cp -1 -2
ALKH_ECOLI -1 0.67 -1 0.39 -1 0.48 -1 0.50 -1 0.36 -1 0.38 -1 0.46 -1 cp -1 -2
AMPD_ECOLI -1 0.29 -1 0.28 -1 0.48 -1 0.50 -1 0.44 -1 0.23 -1 0.34 -1 cp -1 -2
AMY2_ECOLI -1 0.21 -1 0.34 -1 0.48 -1 0.50 -1 0.51 -1 0.28 -1 0.39 -1 cp -1 -2
APT_ECOLI -1 0.20 -1 0.44 -1 0.48 -1 0.50 -1 0.46 -1 0.51 -1 0.57 -1 cp -1 -2
ARAC_ECOLI -1 0.42 -1 0.40 -1 0.48 -1 0.50 -1 0.56 -1 0.18 -1 0.30 -1 cp -1 -2
ASG1_ECOLI -1 0.42 -1 0.24 -1 0.48 -1 0.50 -1 0.57 -1 0.27 -1 0.37 -1 cp -1 -2
BTUR_ECOLI -1 0.25 -1 0.48 -1 0.48 -1 0.50 -1 0.44 -1 0.17 -1 0.29 -1 cp -1 -2
CAFA_ECOLI -1 0.39 -1 0.32 -1 0.48 -1 0.50 -1 0.46 -1 0.24 -1 0.35 -1 cp -1 -2
CAIB_ECOLI -1 0.51 -1 0.50 -1 0.48 -1 0.50 -1 0.46 -1 0.32 -1 0.35 -1 cp -1 -2
CFA_ECOLI -1 0.22 -1 0.43 -1 0.48 -1 0.50 -1 0.48 -1 0.16 -1 0.28 -1 cp -1 -2
CHEA_ECOLI -1 0.25 -1 0.40 -1 0.48 -1 0.50 -1 0.46 -1 0.44 -1 0.52 -1 cp -1 -2
CHEB_ECOLI -1 0.34 -1 0.45 -1 0.48 -1 0.50 -1 0.38 -1 0.24 -1 0.35 -1 cp -1 -2
CHEW_ECOLI -1 0.44 -1 0.27 -1 0.48 -1 0.50 -1 0.55 -1 0.52 -1 0.58 -1 cp -1 -2
CHEY_ECOLI -1 0.23 -1 0.40 -1 0.48 -1 0.50 -1 0.39 -1 0.28 -1 0.38 -1 cp -1 -2
CHEZ_ECOLI -1 0.41 -1 0.57 -1 0.48 -1 0.50 -1 0.39 -1 0.21 -1 0.32 -1 cp -1 -2
CRL_ECOLI -1 0.40 -1 0.45 -1 0.48 -1 0.50 -1 0.38 -1 0.22 -1 0.00 -1 cp -1 -2
CSPA_ECOLI -1 0.31 -1 0.23 -1 0.48 -1 0.50 -1 0.73 -1 0.05 -1 0.14 -1 cp -1 -2
CYNR_ECOLI -1 0.51 -1 0.54 -1 0.48 -1 0.50 -1 0.41 -1 0.34 -1 0.43 -1 cp -1 -2
CYPB_ECOLI -1 0.30 -1 0.16 -1 0.48 -1 0.50 -1 0.56 -1 0.11 -1 0.23 -1 cp -1 -2
CYPC_ECOLI -1 0.36 -1 0.39 -1 0.48 -1 0.50 -1 0.48 -1 0.22 -1 0.23 -1 cp -1 -2
CYSB_ECOLI -1 0.29 -1 0.37 -1 0.48 -1 0.50 -1 0.48 -1 0.44 -1 0.52 -1 cp -1 -2
CYSE_ECOLI -1 0.25 -1 0.40 -1 0.48 -1 0.50 -1 0.47 -1 0.33 -1 0.42 -1 cp -1 -2
DAPD_ECOLI -1 0.21 -1 0.51 -1 0.48 -1 0.50 -1 0.50 -1 0.32 -1 0.41 -1 cp -1 -2
DCP_ECOLI -1 0.43 -1 0.37 -1 0.48 -1 0.50 -1 0.53 -1 0.35 -1 0.44 -1 cp -1 -2
DDLA_ECOLI -1 0.43 -1 0.39 -1 0.48 -1 0.50 -1 0.47 -1 0.31 -1 0.41 -1 cp -1 -2
DDLB_ECOLI -1 0.53 -1 0.38 -1 0.48 -1 0.50 -1 0.44 -1 0.26 -1 0.36 -1 cp -1 -2
DEOC_ECOLI -1 0.34 -1 0.33 -1 0.48 -1 0.50 -1 0.38 -1 0.35 -1 0.44 -1 cp -1 -2
DLDH_ECOLI -1 0.56 -1 0.51 -1 0.48 -1 0.50 -1 0.34 -1 0.37 -1 0.46 -1 cp -1 -2
EFG_ECOLI -1 0.40 -1 0.29 -1 0.48 -1 0.50 -1 0.42 -1 0.35 -1 0.44 -1 cp -1 -2
EFTS_ECOLI -1 0.24 -1 0.35 -1 0.48 -1 0.50 -1 0.31 -1 0.19 -1 0.31 -1 cp -1 -2
EFTU_ECOLI -1 0.36 -1 0.54 -1 0.48 -1 0.50 -1 0.41 -1 0.38 -1 0.46 -1 cp -1 -2
ENO_ECOLI -1 0.29 -1 0.52 -1 0.48 -1 0.50 -1 0.42 -1 0.29 -1 0.39 -1 cp -1 -2
FABB_ECOLI -1 0.65 -1 0.47 -1 0.48 -1 0.50 -1 0.59 -1 0.30 -1 0.40 -1 cp -1 -2
FES_ECOLI -1 0.32 -1 0.42 -1 0.48 -1 0.50 -1 0.35 -1 0.28 -1 0.38 -1 cp -1 -2
G3P1_ECOLI -1 0.38 -1 0.46 -1 0.48 -1 0.50 -1 0.48 -1 0.22 -1 0.29 -1 cp -1 -2
G3P2_ECOLI -1 0.33 -1 0.45 -1 0.48 -1 0.50 -1 0.52 -1 0.32 -1 0.41 -1 cp -1 -2
G6PI_ECOLI -1 0.30 -1 0.37 -1 0.48 -1 0.50 -1 0.59 -1 0.41 -1 0.49 -1 cp -1 -2
GCVA_ECOLI -1 0.40 -1 0.50 -1 0.48 -1 0.50 -1 0.45 -1 0.39 -1 0.47 -1 cp -1 -2
GLNA_ECOLI -1 0.28 -1 0.38 -1 0.48 -1 0.50 -1 0.50 -1 0.33 -1 0.42 -1 cp -1 -2
GLPD_ECOLI -1 0.61 -1 0.45 -1 0.48 -1 0.50 -1 0.48 -1 0.35 -1 0.41 -1 cp -1 -2
GLYA_ECOLI -1 0.17 -1 0.38 -1 0.48 -1 0.50 -1 0.45 -1 0.42 -1 0.50 -1 cp -1 -2
GSHR_ECOLI -1 0.44 -1 0.35 -1 0.48 -1 0.50 -1 0.55 -1 0.55 -1 0.61 -1 cp -1 -2
GT_ECOLI -1  0.43 -1 0.40 -1 0.48 -1 0.50 -1 0.39 -1 0.28 -1 0.39 -1 cp -1 -2
HEM6_ECOLI -1 0.42 -1 0.35 -1 0.48 -1 0.50 -1 0.58 -1 0.15 -1 0.27 -1 cp -1 -2
HEMN_ECOLI -1 0.23 -1 0.33 -1 0.48 -1 0.50 -1 0.43 -1 0.33 -1 0.43 -1 cp -1 -2
HPRT_ECOLI -1 0.37 -1 0.52 -1 0.48 -1 0.50 -1 0.42 -1 0.42 -1 0.36 -1 cp -1 -2
IF1_ECOLI -1 0.29 -1 0.30 -1 0.48 -1 0.50 -1 0.45 -1 0.03 -1 0.17 -1 cp -1 -2
IF2_ECOLI -1 0.22 -1 0.36 -1 0.48 -1 0.50 -1 0.35 -1 0.39 -1 0.47 -1 cp -1 -2
ILVY_ECOLI -1 0.23 -1 0.58 -1 0.48 -1 0.50 -1 0.37 -1 0.53 -1 0.59 -1 cp -1 -2
IPYR_ECOLI -1 0.47 -1 0.47 -1 0.48 -1 0.50 -1 0.22 -1 0.16 -1 0.26 -1 cp -1 -2
KAD_ECOLI -1 0.54 -1 0.47 -1 0.48 -1 0.50 -1 0.28 -1 0.33 -1 0.42 -1 cp -1 -2
KDSA_ECOLI -1 0.51 -1 0.37 -1 0.48 -1 0.50 -1 0.35 -1 0.36 -1 0.45 -1 cp -1 -2
LEU3_ECOLI -1 0.40 -1 0.35 -1 0.48 -1 0.50 -1 0.45 -1 0.33 -1 0.42 -1 cp -1 -2
LON_ECOLI -1 0.44 -1 0.34 -1 0.48 -1 0.50 -1 0.30 -1 0.33 -1 0.43 -1 cp -1 -2
LPLA_ECOLI -1 0.42 -1 0.38 -1 0.48 -1 0.50 -1 0.54 -1 0.34 -1 0.43 -1 cp -1 -2
LYSR_ECOLI -1 0.44 -1 0.56 -1 0.48 -1 0.50 -1 0.50 -1 0.46 -1 0.54 -1 cp -1 -2
MALQ_ECOLI -1 0.52 -1 0.36 -1 0.48 -1 0.50 -1 0.41 -1 0.28 -1 0.38 -1 cp -1 -2
MALZ_ECOLI -1 0.36 -1 0.41 -1 0.48 -1 0.50 -1 0.48 -1 0.47 -1 0.54 -1 cp -1 -2
MASY_ECOLI -1 0.18 -1 0.30 -1 0.48 -1 0.50 -1 0.46 -1 0.24 -1 0.35 -1 cp -1 -2
METB_ECOLI -1 0.47 -1 0.29 -1 0.48 -1 0.50 -1 0.51 -1 0.33 -1 0.43 -1 cp -1 -2
METC_ECOLI -1 0.24 -1 0.43 -1 0.48 -1 0.50 -1 0.54 -1 0.52 -1 0.59 -1 cp -1 -2
METK_ECOLI -1 0.25 -1 0.37 -1 0.48 -1 0.50 -1 0.41 -1 0.33 -1 0.42 -1 cp -1 -2
METR_ECOLI -1 0.52 -1 0.57 -1 0.48 -1 0.50 -1 0.42 -1 0.47 -1 0.54 -1 cp -1 -2
METX_ECOLI -1 0.25 -1 0.37 -1 0.48 -1 0.50 -1 0.43 -1 0.26 -1 0.36 -1 cp -1 -2
MURF_ECOLI -1 0.35 -1 0.48 -1 0.48 -1 0.50 -1 0.56 -1 0.40 -1 0.48 -1 cp -1 -2
NADA_ECOLI -1 0.26 -1 0.26 -1 0.48 -1 0.50 -1 0.34 -1 0.25 -1 0.35 -1 cp -1 -2
NFRC_ECOLI -1 0.44 -1 0.51 -1 0.48 -1 0.50 -1 0.47 -1 0.26 -1 0.36 -1 cp -1 -2
NHAR_ECOLI -1 0.37 -1 0.50 -1 0.48 -1 0.50 -1 0.42 -1 0.36 -1 0.45 -1 cp -1 -2
NIRD_ECOLI -1 0.44 -1 0.42 -1 0.48 -1 0.50 -1 0.42 -1 0.25 -1 0.20 -1 cp -1 -2
OMPR_ECOLI -1 0.24 -1 0.43 -1 0.48 -1 0.50 -1 0.37 -1 0.28 -1 0.38 -1 cp -1 -2
OTC1_ECOLI -1 0.42 -1 0.30 -1 0.48 -1 0.50 -1 0.48 -1 0.26 -1 0.36 -1 cp -1 -2
OTC2_ECOLI -1 0.48 -1 0.42 -1 0.48 -1 0.50 -1 0.45 -1 0.25 -1 0.35 -1 cp -1 -2
PEPE_ECOLI -1 0.41 -1 0.48 -1 0.48 -1 0.50 -1 0.51 -1 0.44 -1 0.51 -1 cp -1 -2
PFLA_ECOLI -1 0.44 -1 0.28 -1 0.48 -1 0.50 -1 0.43 -1 0.27 -1 0.37 -1 cp -1 -2
PFLB_ECOLI -1 0.29 -1 0.41 -1 0.48 -1 0.50 -1 0.48 -1 0.38 -1 0.46 -1 cp -1 -2
PGK_ECOLI -1 0.34 -1 0.28 -1 0.48 -1 0.50 -1 0.41 -1 0.35 -1 0.44 -1 cp -1 -2
PHOB_ECOLI -1 0.41 -1 0.43 -1 0.48 -1 0.50 -1 0.45 -1 0.31 -1 0.41 -1 cp -1 -2
PHOH_ECOLI -1 0.29 -1 0.47 -1 0.48 -1 0.50 -1 0.41 -1 0.23 -1 0.34 -1 cp -1 -2
PMBA_ECOLI -1 0.34 -1 0.55 -1 0.48 -1 0.50 -1 0.58 -1 0.31 -1 0.41 -1 cp -1 -2
PNP_ECOLI -1 0.36 -1 0.56 -1 0.48 -1 0.50 -1 0.43 -1 0.45 -1 0.53 -1 cp -1 -2
PROB_ECOLI -1 0.40 -1 0.46 -1 0.48 -1 0.50 -1 0.52 -1 0.49 -1 0.56 -1 cp -1 -2
PT1A_ECOLI -1 0.50 -1 0.49 -1 0.48 -1 0.50 -1 0.49 -1 0.46 -1 0.53 -1 cp -1 -2
PT1_ECOLI -1 0.52 -1 0.44 -1 0.48 -1 0.50 -1 0.37 -1 0.36 -1 0.42 -1 cp -1 -2
PTCA_ECOLI -1 0.50 -1 0.51 -1 0.48 -1 0.50 -1 0.27 -1 0.23 -1 0.34 -1 cp -1 -2
PTCB_ECOLI -1 0.53 -1 0.42 -1 0.48 -1 0.50 -1 0.16 -1 0.29 -1 0.39 -1 cp -1 -2
PTFA_ECOLI -1 0.34 -1 0.46 -1 0.48 -1 0.50 -1 0.52 -1 0.35 -1 0.44 -1 cp -1 -2
PTGA_ECOLI -1 0.40 -1 0.42 -1 0.48 -1 0.50 -1 0.37 -1 0.27 -1 0.27 -1 cp -1 -2
PTHA_ECOLI -1 0.41 -1 0.43 -1 0.48 -1 0.50 -1 0.50 -1 0.24 -1 0.25 -1 cp -1 -2
PTHP_ECOLI -1 0.30 -1 0.45 -1 0.48 -1 0.50 -1 0.36 -1 0.21 -1 0.32 -1 cp -1 -2
PTKA_ECOLI -1 0.31 -1 0.47 -1 0.48 -1 0.50 -1 0.29 -1 0.28 -1 0.39 -1 cp -1 -2
PTKB_ECOLI -1 0.64 -1 0.76 -1 0.48 -1 0.50 -1 0.45 -1 0.35 -1 0.38 -1 cp -1 -2
PTNA_ECOLI -1 0.35 -1 0.37 -1 0.48 -1 0.50 -1 0.30 -1 0.34 -1 0.43 -1 cp -1 -2
PTWB_ECOLI -1 0.57 -1 0.54 -1 0.48 -1 0.50 -1 0.37 -1 0.28 -1 0.33 -1 cp -1 -2
PTWX_ECOLI -1 0.65 -1 0.55 -1 0.48 -1 0.50 -1 0.34 -1 0.37 -1 0.28 -1 cp -1 -2
RHAR_ECOLI -1 0.51 -1 0.46 -1 0.48 -1 0.50 -1 0.58 -1 0.31 -1 0.41 -1 cp -1 -2
RHAS_ECOLI -1 0.38 -1 0.40 -1 0.48 -1 0.50 -1 0.63 -1 0.25 -1 0.35 -1 cp -1 -2
RIMI_ECOLI -1 0.24 -1 0.57 -1 0.48 -1 0.50 -1 0.63 -1 0.34 -1 0.43 -1 cp -1 -2
RIMJ_ECOLI -1 0.38 -1 0.26 -1 0.48 -1 0.50 -1 0.54 -1 0.16 -1 0.28 -1 cp -1 -2
RIML_ECOLI -1 0.33 -1 0.47 -1 0.48 -1 0.50 -1 0.53 -1 0.18 -1 0.29 -1 cp -1 -2
RNB_ECOLI -1 0.24 -1 0.34 -1 0.48 -1 0.50 -1 0.38 -1 0.30 -1 0.40 -1 cp -1 -2
RNC_ECOLI -1 0.26 -1 0.50 -1 0.48 -1 0.50 -1 0.44 -1 0.32 -1 0.41 -1 cp -1 -2
RND_ECOLI -1 0.44 -1 0.49 -1 0.48 -1 0.50 -1 0.39 -1 0.38 -1 0.40 -1 cp -1 -2
RNE_ECOLI -1 0.43 -1 0.32 -1 0.48 -1 0.50 -1 0.33 -1 0.45 -1 0.52 -1 cp -1 -2
SERC_ECOLI -1 0.49 -1 0.43 -1 0.48 -1 0.50 -1 0.49 -1 0.30 -1 0.40 -1 cp -1 -2
SLYD_ECOLI -1 0.47 -1 0.28 -1 0.48 -1 0.50 -1 0.56 -1 0.20 -1 0.25 -1 cp -1 -2
SOXS_ECOLI -1 0.32 -1 0.33 -1 0.48 -1 0.50 -1 0.60 -1 0.06 -1 0.20 -1 cp -1 -2
SYA_ECOLI -1 0.34 -1 0.35 -1 0.48 -1 0.50 -1 0.51 -1 0.49 -1 0.56 -1 cp -1 -2
SYC_ECOLI -1 0.35 -1 0.34 -1 0.48 -1 0.50 -1 0.46 -1 0.30 -1 0.27 -1 cp -1 -2
SYD_ECOLI -1 0.38 -1 0.30 -1 0.48 -1 0.50 -1 0.43 -1 0.29 -1 0.39 -1 cp -1 -2
SYE_ECOLI -1 0.38 -1 0.44 -1 0.48 -1 0.50 -1 0.43 -1 0.20 -1 0.31 -1 cp -1 -2
SYFA_ECOLI -1 0.41 -1 0.51 -1 0.48 -1 0.50 -1 0.58 -1 0.20 -1 0.31 -1 cp -1 -2
SYFB_ECOLI -1 0.34 -1 0.42 -1 0.48 -1 0.50 -1 0.41 -1 0.34 -1 0.43 -1 cp -1 -2
SYGA_ECOLI -1 0.51 -1 0.49 -1 0.48 -1 0.50 -1 0.53 -1 0.14 -1 0.26 -1 cp -1 -2
SYGB_ECOLI -1 0.25 -1 0.51 -1 0.48 -1 0.50 -1 0.37 -1 0.42 -1 0.50 -1 cp -1 -2
SYH_ECOLI -1 0.29 -1 0.28 -1 0.48 -1 0.50 -1 0.50 -1 0.42 -1 0.50 -1 cp -1 -2
SYI_ECOLI -1 0.25 -1 0.26 -1 0.48 -1 0.50 -1 0.39 -1 0.32 -1 0.42 -1 cp -1 -2
SYK1_ECOLI -1 0.24 -1 0.41 -1 0.48 -1 0.50 -1 0.49 -1 0.23 -1 0.34 -1 cp -1 -2
SYK2_ECOLI -1 0.17 -1 0.39 -1 0.48 -1 0.50 -1 0.53 -1 0.30 -1 0.39 -1 cp -1 -2
SYL_ECOLI -1 0.04 -1 0.31 -1 0.48 -1 0.50 -1 0.41 -1 0.29 -1 0.39 -1 cp -1 -2
SYM_ECOLI -1 0.61 -1 0.36 -1 0.48 -1 0.50 -1 0.49 -1 0.35 -1 0.44 -1 cp -1 -2
SYP_ECOLI -1 0.34 -1 0.51 -1 0.48 -1 0.50 -1 0.44 -1 0.37 -1 0.46 -1 cp -1 -2
SYQ_ECOLI -1 0.28 -1 0.33 -1 0.48 -1 0.50 -1 0.45 -1 0.22 -1 0.33 -1 cp -1 -2
SYR_ECOLI -1 0.40 -1 0.46 -1 0.48 -1 0.50 -1 0.42 -1 0.35 -1 0.44 -1 cp -1 -2
SYS_ECOLI -1 0.23 -1 0.34 -1 0.48 -1 0.50 -1 0.43 -1 0.26 -1 0.37 -1 cp -1 -2
SYT_ECOLI -1 0.37 -1 0.44 -1 0.48 -1 0.50 -1 0.42 -1 0.39 -1 0.47 -1 cp -1 -2
SYV_ECOLI -1 0.00 -1 0.38 -1 0.48 -1 0.50 -1 0.42 -1 0.48 -1 0.55 -1 cp -1 -2
SYW_ECOLI -1 0.39 -1 0.31 -1 0.48 -1 0.50 -1 0.38 -1 0.34 -1 0.43 -1 cp -1 -2
SYY_ECOLI -1 0.30 -1 0.44 -1 0.48 -1 0.50 -1 0.49 -1 0.22 -1 0.33 -1 cp -1 -2
THGA_ECOLI -1 0.27 -1 0.30 -1 0.48 -1 0.50 -1 0.71 -1 0.28 -1 0.39 -1 cp -1 -2
THIK_ECOLI -1 0.17 -1 0.52 -1 0.48 -1 0.50 -1 0.49 -1 0.37 -1 0.46 -1 cp -1 -2
TYRB_ECOLI -1 0.36 -1 0.42 -1 0.48 -1 0.50 -1 0.53 -1 0.32 -1 0.41 -1 cp -1 -2
UBIC_ECOLI -1 0.30 -1 0.37 -1 0.48 -1 0.50 -1 0.43 -1 0.18 -1 0.30 -1 cp -1 -2
UGPQ_ECOLI -1 0.26 -1 0.40 -1 0.48 -1 0.50 -1 0.36 -1 0.26 -1 0.37 -1 cp -1 -2
USPA_ECOLI -1 0.40 -1 0.41 -1 0.48 -1 0.50 -1 0.55 -1 0.22 -1 0.33 -1 cp -1 -2
UVRB_ECOLI -1 0.22 -1 0.34 -1 0.48 -1 0.50 -1 0.42 -1 0.29 -1 0.39 -1 cp -1 -2
UVRC_ECOLI -1 0.44 -1 0.35 -1 0.48 -1 0.50 -1 0.44 -1 0.52 -1 0.59 -1 cp -1 -2
XGPT_ECOLI -1 0.27 -1 0.42 -1 0.48 -1 0.50 -1 0.37 -1 0.38 -1 0.43 -1 cp -1 -2
XYLA_ECOLI -1 0.16 -1 0.43 -1 0.48 -1 0.50 -1 0.54 -1 0.27 -1 0.37 -1 cp -1 -2
EMRA_ECOLI -1 0.06 -1 0.61 -1 0.48 -1 0.50 -1 0.49 -1 0.92 -1 0.37 -1 im -1 -2
AAS_ECOLI -1 0.44 -1 0.52 -1 0.48 -1 0.50 -1 0.43 -1 0.47 -1 0.54 -1 im -1 -2
AMPE_ECOLI -1 0.63 -1 0.47 -1 0.48 -1 0.50 -1 0.51 -1 0.82 -1 0.84 -1 im -1 -2
ARAE_ECOLI -1 0.23 -1 0.48 -1 0.48 -1 0.50 -1 0.59 -1 0.88 -1 0.89 -1 im -1 -2
ARAH_ECOLI -1 0.34 -1 0.49 -1 0.48 -1 0.50 -1 0.58 -1 0.85 -1 0.80 -1 im -1 -2
AROP_ECOLI -1 0.43 -1 0.40 -1 0.48 -1 0.50 -1 0.58 -1 0.75 -1 0.78 -1 im -1 -2
ATKB_ECOLI -1 0.46 -1 0.61 -1 0.48 -1 0.50 -1 0.48 -1 0.86 -1 0.87 -1 im -1 -2
ATP6_ECOLI -1 0.27 -1 0.35 -1 0.48 -1 0.50 -1 0.51 -1 0.77 -1 0.79 -1 im -1 -2
BETT_ECOLI -1 0.52 -1 0.39 -1 0.48 -1 0.50 -1 0.65 -1 0.71 -1 0.73 -1 im -1 -2
CODB_ECOLI -1 0.29 -1 0.47 -1 0.48 -1 0.50 -1 0.71 -1 0.65 -1 0.69 -1 im -1 -2
CYDA_ECOLI -1 0.55 -1 0.47 -1 0.48 -1 0.50 -1 0.57 -1 0.78 -1 0.80 -1 im -1 -2
CYOC_ECOLI -1 0.12 -1 0.67 -1 0.48 -1 0.50 -1 0.74 -1 0.58 -1 0.63 -1 im -1 -2
CYOD_ECOLI -1 0.40 -1 0.50 -1 0.48 -1 0.50 -1 0.65 -1 0.82 -1 0.84 -1 im -1 -2
DCTA_ECOLI -1 0.73 -1 0.36 -1 0.48 -1 0.50 -1 0.53 -1 0.91 -1 0.92 -1 im -1 -2
DHG_ECOLI -1 0.84 -1 0.44 -1 0.48 -1 0.50 -1 0.48 -1 0.71 -1 0.74 -1 im -1 -2
DHSC_ECOLI -1 0.48 -1 0.45 -1 0.48 -1 0.50 -1 0.60 -1 0.78 -1 0.80 -1 im -1 -2
DHSD_ECOLI -1 0.54 -1 0.49 -1 0.48 -1 0.50 -1 0.40 -1 0.87 -1 0.88 -1 im -1 -2
DPPC_ECOLI -1 0.48 -1 0.41 -1 0.48 -1 0.50 -1 0.51 -1 0.90 -1 0.88 -1 im -1 -2
DSBB_ECOLI -1 0.50 -1 0.66 -1 0.48 -1 0.50 -1 0.31 -1 0.92 -1 0.92 -1 im -1 -2
ENVZ_ECOLI -1 0.72 -1 0.46 -1 0.48 -1 0.50 -1 0.51 -1 0.66 -1 0.70 -1 im -1 -2
EXBB_ECOLI -1 0.47 -1 0.55 -1 0.48 -1 0.50 -1 0.58 -1 0.71 -1 0.75 -1 im -1 -2
FRDC_ECOLI -1 0.33 -1 0.56 -1 0.48 -1 0.50 -1 0.33 -1 0.78 -1 0.80 -1 im -1 -2
FRDD_ECOLI -1 0.64 -1 0.58 -1 0.48 -1 0.50 -1 0.48 -1 0.78 -1 0.73 -1 im -1 -2
FTSW_ECOLI -1 0.54 -1 0.57 -1 0.48 -1 0.50 -1 0.56 -1 0.81 -1 0.83 -1 im -1 -2
GABP_ECOLI -1 0.47 -1 0.59 -1 0.48 -1 0.50 -1 0.52 -1 0.76 -1 0.79 -1 im -1 -2
GALP_ECOLI -1 0.63 -1 0.50 -1 0.48 -1 0.50 -1 0.59 -1 0.85 -1 0.86 -1 im -1 -2
GLNP_ECOLI -1 0.49 -1 0.42 -1 0.48 -1 0.50 -1 0.53 -1 0.79 -1 0.81 -1 im -1 -2
GLPT_ECOLI -1 0.31 -1 0.50 -1 0.48 -1 0.50 -1 0.57 -1 0.84 -1 0.85 -1 im -1 -2
GLTP_ECOLI -1 0.74 -1 0.44 -1 0.48 -1 0.50 -1 0.55 -1 0.88 -1 0.89 -1 im -1 -2
KDGL_ECOLI -1 0.33 -1 0.45 -1 0.48 -1 0.50 -1 0.45 -1 0.88 -1 0.89 -1 im -1 -2
KGTP_ECOLI -1 0.45 -1 0.40 -1 0.48 -1 0.50 -1 0.61 -1 0.74 -1 0.77 -1 im -1 -2
LACY_ECOLI -1 0.71 -1 0.40 -1 0.48 -1 0.50 -1 0.71 -1 0.70 -1 0.74 -1 im -1 -2
LGT_ECOLI -1 0.50 -1 0.37 -1 0.48 -1 0.50 -1 0.66 -1 0.64 -1 0.69 -1 im -1 -2
LLDP_ECOLI -1 0.66 -1 0.53 -1 0.48 -1 0.50 -1 0.59 -1 0.66 -1 0.66 -1 im -1 -2
LNT_ECOLI -1 0.60 -1 0.61 -1 0.48 -1 0.50 -1 0.54 -1 0.67 -1 0.71 -1 im -1 -2
LSPA_ECOLI -1 0.83 -1 0.37 -1 0.48 -1 0.50 -1 0.61 -1 0.71 -1 0.74 -1 im -1 -2
LYSP_ECOLI -1 0.34 -1 0.51 -1 0.48 -1 0.50 -1 0.67 -1 0.90 -1 0.90 -1 im -1 -2
MALF_ECOLI -1 0.63 -1 0.54 -1 0.48 -1 0.50 -1 0.65 -1 0.79 -1 0.81 -1 im -1 -2
MALG_ECOLI -1 0.70 -1 0.40 -1 0.48 -1 0.50 -1 0.56 -1 0.86 -1 0.83 -1 im -1 -2
MCP3_ECOLI -1 0.60 -1 0.50 -1 1.00 -1 0.50 -1 0.54 -1 0.77 -1 0.80 -1 im -1 -2
MSBB_ECOLI -1 0.16 -1 0.51 -1 0.48 -1 0.50 -1 0.33 -1 0.39 -1 0.48 -1 im -1 -2
MTR_ECOLI -1 0.74 -1 0.70 -1 0.48 -1 0.50 -1 0.66 -1 0.65 -1 0.69 -1 im -1 -2
NANT_ECOLI -1 0.20 -1 0.46 -1 0.48 -1 0.50 -1 0.57 -1 0.78 -1 0.81 -1 im -1 -2
NHAA_ECOLI -1 0.89 -1 0.55 -1 0.48 -1 0.50 -1 0.51 -1 0.72 -1 0.76 -1 im -1 -2
NHAB_ECOLI -1 0.70 -1 0.46 -1 0.48 -1 0.50 -1 0.56 -1 0.78 -1 0.73 -1 im -1 -2
PHEP_ECOLI -1 0.12 -1 0.43 -1 0.48 -1 0.50 -1 0.63 -1 0.70 -1 0.74 -1 im -1 -2
PHOR_ECOLI -1 0.61 -1 0.52 -1 0.48 -1 0.50 -1 0.54 -1 0.67 -1 0.52 -1 im -1 -2
PNTA_ECOLI -1 0.33 -1 0.37 -1 0.48 -1 0.50 -1 0.46 -1 0.65 -1 0.69 -1 im -1 -2
POTE_ECOLI -1 0.63 -1 0.65 -1 0.48 -1 0.50 -1 0.66 -1 0.67 -1 0.71 -1 im -1 -2
PROP_ECOLI -1 0.41 -1 0.51 -1 0.48 -1 0.50 -1 0.53 -1 0.75 -1 0.78 -1 im -1 -2
PSTA_ECOLI -1 0.34 -1 0.67 -1 0.48 -1 0.50 -1 0.52 -1 0.76 -1 0.79 -1 im -1 -2
PSTC_ECOLI -1 0.58 -1 0.34 -1 0.48 -1 0.50 -1 0.56 -1 0.87 -1 0.81 -1 im -1 -2
PTAA_ECOLI -1 0.59 -1 0.56 -1 0.48 -1 0.50 -1 0.55 -1 0.80 -1 0.82 -1 im -1 -2
PTBA_ECOLI -1 0.51 -1 0.40 -1 0.48 -1 0.50 -1 0.57 -1 0.62 -1 0.67 -1 im -1 -2
PTCC_ECOLI -1 0.50 -1 0.57 -1 0.48 -1 0.50 -1 0.71 -1 0.61 -1 0.66 -1 im -1 -2
PTDA_ECOLI -1 0.60 -1 0.46 -1 0.48 -1 0.50 -1 0.45 -1 0.81 -1 0.83 -1 im -1 -2
PTFB_ECOLI -1 0.37 -1 0.47 -1 0.48 -1 0.50 -1 0.39 -1 0.76 -1 0.79 -1 im -1 -2
PTGB_ECOLI -1 0.58 -1 0.55 -1 0.48 -1 0.50 -1 0.57 -1 0.70 -1 0.74 -1 im -1 -2
PTHB_ECOLI -1 0.36 -1 0.47 -1 0.48 -1 0.50 -1 0.51 -1 0.69 -1 0.72 -1 im -1 -2
PTMA_ECOLI -1 0.39 -1 0.41 -1 0.48 -1 0.50 -1 0.52 -1 0.72 -1 0.75 -1 im -1 -2
PTOA_ECOLI -1 0.35 -1 0.51 -1 0.48 -1 0.50 -1 0.61 -1 0.71 -1 0.74 -1 im -1 -2
PTTB_ECOLI -1 0.31 -1 0.44 -1 0.48 -1 0.50 -1 0.50 -1 0.79 -1 0.82 -1 im -1 -2
RODA_ECOLI -1 0.61 -1 0.66 -1 0.48 -1 0.50 -1 0.46 -1 0.87 -1 0.88 -1 im -1 -2
SECE_ECOLI -1 0.48 -1 0.49 -1 0.48 -1 0.50 -1 0.52 -1 0.77 -1 0.71 -1 im -1 -2
SECF_ECOLI -1 0.11 -1 0.50 -1 0.48 -1 0.50 -1 0.58 -1 0.72 -1 0.68 -1 im -1 -2
SECY_ECOLI -1 0.31 -1 0.36 -1 0.48 -1 0.50 -1 0.58 -1 0.94 -1 0.94 -1 im -1 -2
TNAB_ECOLI -1 0.68 -1 0.51 -1 0.48 -1 0.50 -1 0.71 -1 0.75 -1 0.78 -1 im -1 -2
XYLE_ECOLI -1 0.69 -1 0.39 -1 0.48 -1 0.50 -1 0.57 -1 0.76 -1 0.79 -1 im -1 -2
YCEE_ECOLI -1 0.52 -1 0.54 -1 0.48 -1 0.50 -1 0.62 -1 0.76 -1 0.79 -1 im -1 -2
EXBD_ECOLI -1 0.46 -1 0.59 -1 0.48 -1 0.50 -1 0.36 -1 0.76 -1 0.23 -1 im -1 -2
FTSL_ECOLI -1 0.36 -1 0.45 -1 0.48 -1 0.50 -1 0.38 -1 0.79 -1 0.17 -1 im -1 -2
FTSN_ECOLI -1 0.00 -1 0.51 -1 0.48 -1 0.50 -1 0.35 -1 0.67 -1 0.44 -1 im -1 -2
FTSQ_ECOLI -1 0.10 -1 0.49 -1 0.48 -1 0.50 -1 0.41 -1 0.67 -1 0.21 -1 im -1 -2
MOTB_ECOLI -1 0.30 -1 0.51 -1 0.48 -1 0.50 -1 0.42 -1 0.61 -1 0.34 -1 im -1 -2
TOLA_ECOLI -1 0.61 -1 0.47 -1 0.48 -1 0.50 -1 0.00 -1 0.80 -1 0.32 -1 im -1 -2
TOLQ_ECOLI -1 0.63 -1 0.75 -1 0.48 -1 0.50 -1 0.64 -1 0.73 -1 0.66 -1 im -1 -2
EMRB_ECOLI -1 0.71 -1 0.52 -1 0.48 -1 0.50 -1 0.64 -1 1.00 -1 0.99 -1 im -1 -2
ATKC_ECOLI -1 0.85 -1 0.53 -1 0.48 -1 0.50 -1 0.53 -1 0.52 -1 0.35 -1 imS -1 -2
NFRB_ECOLI -1 0.63 -1 0.49 -1 0.48 -1 0.50 -1 0.54 -1 0.76 -1 0.79 -1 imS -1 -2
NLPA_ECOLI -1 0.75 -1 0.55 -1 1.00 -1 1.00 -1 0.40 -1 0.47 -1 0.30 -1 imL -1 -2
CYOA_ECOLI -1 0.70 -1 0.39 -1 1.00 -1 0.50 -1 0.51 -1 0.82 -1 0.84 -1 imL -1 -2
ATKA_ECOLI -1 0.72 -1 0.42 -1 0.48 -1 0.50 -1 0.65 -1 0.77 -1 0.79 -1 imU -1 -2
BCR_ECOLI -1 0.79 -1 0.41 -1 0.48 -1 0.50 -1 0.66 -1 0.81 -1 0.83 -1 imU -1 -2
CADB_ECOLI -1 0.83 -1 0.48 -1 0.48 -1 0.50 -1 0.65 -1 0.76 -1 0.79 -1 imU -1 -2
CAIT_ECOLI -1 0.69 -1 0.43 -1 0.48 -1 0.50 -1 0.59 -1 0.74 -1 0.77 -1 imU -1 -2
CPXA_ECOLI -1 0.79 -1 0.36 -1 0.48 -1 0.50 -1 0.46 -1 0.82 -1 0.70 -1 imU -1 -2
CRED_ECOLI -1 0.78 -1 0.33 -1 0.48 -1 0.50 -1 0.57 -1 0.77 -1 0.79 -1 imU -1 -2
CYDB_ECOLI -1 0.75 -1 0.37 -1 0.48 -1 0.50 -1 0.64 -1 0.70 -1 0.74 -1 imU -1 -2
CYOB_ECOLI -1 0.59 -1 0.29 -1 0.48 -1 0.50 -1 0.64 -1 0.75 -1 0.77 -1 imU -1 -2
CYOE_ECOLI -1 0.67 -1 0.37 -1 0.48 -1 0.50 -1 0.54 -1 0.64 -1 0.68 -1 imU -1 -2
DMSC_ECOLI -1 0.66 -1 0.48 -1 0.48 -1 0.50 -1 0.54 -1 0.70 -1 0.74 -1 imU -1 -2
DPPB_ECOLI -1 0.64 -1 0.46 -1 0.48 -1 0.50 -1 0.48 -1 0.73 -1 0.76 -1 imU -1 -2
DSBD_ECOLI -1 0.76 -1 0.71 -1 0.48 -1 0.50 -1 0.50 -1 0.71 -1 0.75 -1 imU -1 -2
FEPD_ECOLI -1 0.84 -1 0.49 -1 0.48 -1 0.50 -1 0.55 -1 0.78 -1 0.74 -1 imU -1 -2
FEPG_ECOLI -1 0.77 -1 0.55 -1 0.48 -1 0.50 -1 0.51 -1 0.78 -1 0.74 -1 imU -1 -2
FTSH_ECOLI -1 0.81 -1 0.44 -1 0.48 -1 0.50 -1 0.42 -1 0.67 -1 0.68 -1 imU -1 -2
GLTS_ECOLI -1 0.58 -1 0.60 -1 0.48 -1 0.50 -1 0.59 -1 0.73 -1 0.76 -1 imU -1 -2
KEFC_ECOLI -1 0.63 -1 0.42 -1 0.48 -1 0.50 -1 0.48 -1 0.77 -1 0.80 -1 imU -1 -2
KUP_ECOLI -1 0.62 -1 0.42 -1 0.48 -1 0.50 -1 0.58 -1 0.79 -1 0.81 -1 imU -1 -2
MCP1_ECOLI -1 0.86 -1 0.39 -1 0.48 -1 0.50 -1 0.59 -1 0.89 -1 0.90 -1 imU -1 -2
MCP2_ECOLI -1 0.81 -1 0.53 -1 0.48 -1 0.50 -1 0.57 -1 0.87 -1 0.88 -1 imU -1 -2
MCP4_ECOLI -1 0.87 -1 0.49 -1 0.48 -1 0.50 -1 0.61 -1 0.76 -1 0.79 -1 imU -1 -2
MELB_ECOLI -1 0.47 -1 0.46 -1 0.48 -1 0.50 -1 0.62 -1 0.74 -1 0.77 -1 imU -1 -2
MOTA_ECOLI -1 0.76 -1 0.41 -1 0.48 -1 0.50 -1 0.50 -1 0.59 -1 0.62 -1 imU -1 -2
NUPC_ECOLI -1 0.70 -1 0.53 -1 0.48 -1 0.50 -1 0.70 -1 0.86 -1 0.87 -1 imU -1 -2
NUPG_ECOLI -1 0.64 -1 0.45 -1 0.48 -1 0.50 -1 0.67 -1 0.61 -1 0.66 -1 imU -1 -2
PNTB_ECOLI -1 0.81 -1 0.52 -1 0.48 -1 0.50 -1 0.57 -1 0.78 -1 0.80 -1 imU -1 -2
PTKC_ECOLI -1 0.73 -1 0.26 -1 0.48 -1 0.50 -1 0.57 -1 0.75 -1 0.78 -1 imU -1 -2
RHAT_ECOLI -1 0.49 -1 0.61 -1 1.00 -1 0.50 -1 0.56 -1 0.71 -1 0.74 -1 imU -1 -2
SECD_ECOLI -1 0.88 -1 0.42 -1 0.48 -1 0.50 -1 0.52 -1 0.73 -1 0.75 -1 imU -1 -2
SECG_ECOLI -1 0.84 -1 0.54 -1 0.48 -1 0.50 -1 0.75 -1 0.92 -1 0.70 -1 imU -1 -2
TEHA_ECOLI -1 0.63 -1 0.51 -1 0.48 -1 0.50 -1 0.64 -1 0.72 -1 0.76 -1 imU -1 -2
TYRP_ECOLI -1 0.86 -1 0.55 -1 0.48 -1 0.50 -1 0.63 -1 0.81 -1 0.83 -1 imU -1 -2
UHPB_ECOLI -1 0.79 -1 0.54 -1 0.48 -1 0.50 -1 0.50 -1 0.66 -1 0.68 -1 imU -1 -2
TONB_ECOLI -1 0.57 -1 0.38 -1 0.48 -1 0.50 -1 0.06 -1 0.49 -1 0.33 -1 imU -1 -2
LEP_ECOLI -1 0.78 -1 0.44 -1 0.48 -1 0.50 -1 0.45 -1 0.73 -1 0.68 -1 imU -1 -2
FADL_ECOLI -1 0.78 -1 0.68 -1 0.48 -1 0.50 -1 0.83 -1 0.40 -1 0.29 -1 om -1 -2
FHUA_ECOLI -1 0.63 -1 0.69 -1 0.48 -1 0.50 -1 0.65 -1 0.41 -1 0.28 -1 om -1 -2
LAMB_ECOLI -1 0.67 -1 0.88 -1 0.48 -1 0.50 -1 0.73 -1 0.50 -1 0.25 -1 om -1 -2
NFRA_ECOLI -1 0.61 -1 0.75 -1 0.48 -1 0.50 -1 0.51 -1 0.33 -1 0.33 -1 om -1 -2
NMPC_ECOLI -1 0.67 -1 0.84 -1 0.48 -1 0.50 -1 0.74 -1 0.54 -1 0.37 -1 om -1 -2
OMPA_ECOLI -1 0.74 -1 0.90 -1 0.48 -1 0.50 -1 0.57 -1 0.53 -1 0.29 -1 om -1 -2
OMPC_ECOLI -1 0.73 -1 0.84 -1 0.48 -1 0.50 -1 0.86 -1 0.58 -1 0.29 -1 om -1 -2
OMPF_ECOLI -1 0.75 -1 0.76 -1 0.48 -1 0.50 -1 0.83 -1 0.57 -1 0.30 -1 om -1 -2
OMPX_ECOLI -1 0.77 -1 0.57 -1 0.48 -1 0.50 -1 0.88 -1 0.53 -1 0.20 -1 om -1 -2
PHOE_ECOLI -1 0.74 -1 0.78 -1 0.48 -1 0.50 -1 0.75 -1 0.54 -1 0.15 -1 om -1 -2
TSX_ECOLI -1 0.68 -1 0.76 -1 0.48 -1 0.50 -1 0.84 -1 0.45 -1 0.27 -1 om -1 -2
BTUB_ECOLI -1 0.56 -1 0.68 -1 0.48 -1 0.50 -1 0.77 -1 0.36 -1 0.45 -1 om -1 -2
CIRA_ECOLI -1 0.65 -1 0.51 -1 0.48 -1 0.50 -1 0.66 -1 0.54 -1 0.33 -1 om -1 -2
FECA_ECOLI -1 0.52 -1 0.81 -1 0.48 -1 0.50 -1 0.72 -1 0.38 -1 0.38 -1 om -1 -2
FEPA_ECOLI -1 0.64 -1 0.57 -1 0.48 -1 0.50 -1 0.70 -1 0.33 -1 0.26 -1 om -1 -2
FHUE_ECOLI -1 0.60 -1 0.76 -1 1.00 -1 0.50 -1 0.77 -1 0.59 -1 0.52 -1 om -1 -2
OMPP_ECOLI -1 0.69 -1 0.59 -1 0.48 -1 0.50 -1 0.77 -1 0.39 -1 0.21 -1 om -1 -2
OMPT_ECOLI -1 0.63 -1 0.49 -1 0.48 -1 0.50 -1 0.79 -1 0.45 -1 0.28 -1 om -1 -2
TOLC_ECOLI -1 0.71 -1 0.71 -1 0.48 -1 0.50 -1 0.68 -1 0.43 -1 0.36 -1 om -1 -2
PA1_ECOLI -1 0.68 -1 0.63 -1 0.48 -1 0.50 -1 0.73 -1 0.40 -1 0.30 -1 om -1 -2
MULI_ECOLI -1 0.77 -1 0.57 -1 1.00 -1 0.50 -1 0.37 -1 0.54 -1 0.01 -1 omL -1 -2
NLPB_ECOLI -1 0.66 -1 0.49 -1 1.00 -1 0.50 -1 0.54 -1 0.56 -1 0.36 -1 omL -1 -2
NLPE_ECOLI -1 0.71 -1 0.46 -1 1.00 -1 0.50 -1 0.52 -1 0.59 -1 0.30 -1 omL -1 -2
PAL_ECOLI -1 0.67 -1 0.55 -1 1.00 -1 0.50 -1 0.66 -1 0.58 -1 0.16 -1 omL -1 -2
SLP_ECOLI -1 0.68 -1 0.49 -1 1.00 -1 0.50 -1 0.62 -1 0.55 -1 0.28 -1 omL -1 -2
AGP_ECOLI -1 0.74 -1 0.49 -1 0.48 -1 0.50 -1 0.42 -1 0.54 -1 0.36 -1 pp -1 -2
AMY1_ECOLI -1 0.70 -1 0.61 -1 0.48 -1 0.50 -1 0.56 -1 0.52 -1 0.43 -1 pp -1 -2
ARAF_ECOLI -1 0.66 -1 0.86 -1 0.48 -1 0.50 -1 0.34 -1 0.41 -1 0.36 -1 pp -1 -2
ASG2_ECOLI -1 0.73 -1 0.78 -1 0.48 -1 0.50 -1 0.58 -1 0.51 -1 0.31 -1 pp -1 -2
BGLX_ECOLI -1 0.65 -1 0.57 -1 0.48 -1 0.50 -1 0.47 -1 0.47 -1 0.51 -1 pp -1 -2
C562_ECOLI -1 0.72 -1 0.86 -1 0.48 -1 0.50 -1 0.17 -1 0.55 -1 0.21 -1 pp -1 -2
CN16_ECOLI -1 0.67 -1 0.70 -1 0.48 -1 0.50 -1 0.46 -1 0.45 -1 0.33 -1 pp -1 -2
CYPH_ECOLI -1 0.67 -1 0.81 -1 0.48 -1 0.50 -1 0.54 -1 0.49 -1 0.23 -1 pp -1 -2
CYSP_ECOLI -1 0.67 -1 0.61 -1 0.48 -1 0.50 -1 0.51 -1 0.37 -1 0.38 -1 pp -1 -2
DGAL_ECOLI -1 0.63 -1 1.00 -1 0.48 -1 0.50 -1 0.35 -1 0.51 -1 0.49 -1 pp -1 -2
DPPA_ECOLI -1 0.57 -1 0.59 -1 0.48 -1 0.50 -1 0.39 -1 0.47 -1 0.33 -1 pp -1 -2
DSBA_ECOLI -1 0.71 -1 0.71 -1 0.48 -1 0.50 -1 0.40 -1 0.54 -1 0.39 -1 pp -1 -2
DSBC_ECOLI -1 0.66 -1 0.74 -1 0.48 -1 0.50 -1 0.31 -1 0.38 -1 0.43 -1 pp -1 -2
ECOT_ECOLI -1 0.67 -1 0.81 -1 0.48 -1 0.50 -1 0.25 -1 0.42 -1 0.25 -1 pp -1 -2
ECPD_ECOLI -1 0.64 -1 0.72 -1 0.48 -1 0.50 -1 0.49 -1 0.42 -1 0.19 -1 pp -1 -2
FECB_ECOLI -1 0.68 -1 0.82 -1 0.48 -1 0.50 -1 0.38 -1 0.65 -1 0.56 -1 pp -1 -2
FECR_ECOLI -1 0.32 -1 0.39 -1 0.48 -1 0.50 -1 0.53 -1 0.28 -1 0.38 -1 pp -1 -2
FEPB_ECOLI -1 0.70 -1 0.64 -1 0.48 -1 0.50 -1 0.47 -1 0.51 -1 0.47 -1 pp -1 -2
FIMC_ECOLI -1 0.63 -1 0.57 -1 0.48 -1 0.50 -1 0.49 -1 0.70 -1 0.20 -1 pp -1 -2
GGT_ECOLI -1 0.74 -1 0.82 -1 0.48 -1 0.50 -1 0.49 -1 0.49 -1 0.41 -1 pp -1 -2
GLNH_ECOLI -1 0.63 -1 0.86 -1 0.48 -1 0.50 -1 0.39 -1 0.47 -1 0.34 -1 pp -1 -2
GLPQ_ECOLI -1 0.63 -1 0.83 -1 0.48 -1 0.50 -1 0.40 -1 0.39 -1 0.19 -1 pp -1 -2
HTRA_ECOLI -1 0.63 -1 0.71 -1 0.48 -1 0.50 -1 0.60 -1 0.40 -1 0.39 -1 pp -1 -2
LIVJ_ECOLI -1 0.71 -1 0.86 -1 0.48 -1 0.50 -1 0.40 -1 0.54 -1 0.32 -1 pp -1 -2
LIVK_ECOLI -1 0.68 -1 0.78 -1 0.48 -1 0.50 -1 0.43 -1 0.44 -1 0.42 -1 pp -1 -2
MALE_ECOLI -1 0.64 -1 0.84 -1 0.48 -1 0.50 -1 0.37 -1 0.45 -1 0.40 -1 pp -1 -2
MALM_ECOLI -1 0.74 -1 0.47 -1 0.48 -1 0.50 -1 0.50 -1 0.57 -1 0.42 -1 pp -1 -2
MEPA_ECOLI -1 0.75 -1 0.84 -1 0.48 -1 0.50 -1 0.35 -1 0.52 -1 0.33 -1 pp -1 -2
MODA_ECOLI -1 0.63 -1 0.65 -1 0.48 -1 0.50 -1 0.39 -1 0.44 -1 0.35 -1 pp -1 -2
NRFA_ECOLI -1 0.69 -1 0.67 -1 0.48 -1 0.50 -1 0.30 -1 0.39 -1 0.24 -1 pp -1 -2
NRFF_ECOLI -1 0.70 -1 0.71 -1 0.48 -1 0.50 -1 0.42 -1 0.84 -1 0.85 -1 pp -1 -2
OPPA_ECOLI -1 0.69 -1 0.80 -1 0.48 -1 0.50 -1 0.46 -1 0.57 -1 0.26 -1 pp -1 -2
OSMY_ECOLI -1 0.64 -1 0.66 -1 0.48 -1 0.50 -1 0.41 -1 0.39 -1 0.20 -1 pp -1 -2
POTD_ECOLI -1 0.63 -1 0.80 -1 0.48 -1 0.50 -1 0.46 -1 0.31 -1 0.29 -1 pp -1 -2
POTF_ECOLI -1 0.66 -1 0.71 -1 0.48 -1 0.50 -1 0.41 -1 0.50 -1 0.35 -1 pp -1 -2
PPA_ECOLI -1 0.69 -1 0.59 -1 0.48 -1 0.50 -1 0.46 -1 0.44 -1 0.52 -1 pp -1 -2
PPB_ECOLI -1 0.68 -1 0.67 -1 0.48 -1 0.50 -1 0.49 -1 0.40 -1 0.34 -1 pp -1 -2
PROX_ECOLI -1 0.64 -1 0.78 -1 0.48 -1 0.50 -1 0.50 -1 0.36 -1 0.38 -1 pp -1 -2
PSTS_ECOLI -1 0.62 -1 0.78 -1 0.48 -1 0.50 -1 0.47 -1 0.49 -1 0.54 -1 pp -1 -2
PTR_ECOLI -1 0.76 -1 0.73 -1 0.48 -1 0.50 -1 0.44 -1 0.39 -1 0.39 -1 pp -1 -2
RBSB_ECOLI -1 0.64 -1 0.81 -1 0.48 -1 0.50 -1 0.37 -1 0.39 -1 0.44 -1 pp -1 -2
SPEA_ECOLI -1 0.29 -1 0.39 -1 0.48 -1 0.50 -1 0.52 -1 0.40 -1 0.48 -1 pp -1 -2
SUBI_ECOLI -1 0.62 -1 0.83 -1 0.48 -1 0.50 -1 0.46 -1 0.36 -1 0.40 -1 pp -1 -2
TBPA_ECOLI -1 0.56 -1 0.54 -1 0.48 -1 0.50 -1 0.43 -1 0.37 -1 0.30 -1 pp -1 -2
TESA_ECOLI -1 0.69 -1 0.66 -1 0.48 -1 0.50 -1 0.41 -1 0.50 -1 0.25 -1 pp -1 -2
TOLB_ECOLI -1 0.69 -1 0.65 -1 0.48 -1 0.50 -1 0.63 -1 0.48 -1 0.41 -1 pp -1 -2
TORA_ECOLI -1 0.43 -1 0.59 -1 0.48 -1 0.50 -1 0.52 -1 0.49 -1 0.56 -1 pp -1 -2
TREA_ECOLI -1 0.74 -1 0.56 -1 0.48 -1 0.50 -1 0.47 -1 0.68 -1 0.30 -1 pp -1 -2
UGPB_ECOLI -1 0.71 -1 0.57 -1 0.48 -1 0.50 -1 0.48 -1 0.35 -1 0.32 -1 pp -1 -2
USHA_ECOLI -1 0.61 -1 0.60 -1 0.48 -1 0.50 -1 0.44 -1 0.39 -1 0.38 -1 pp -1 -2
XYLF_ECOLI -1 0.59 -1 0.61 -1 0.48 -1 0.50 -1 0.42 -1 0.42 -1 0.37 -1 pp -1 -2
YTFQ_ECOLI -1 0.74 -1 0.74 -1 0.48 -1 0.50 -1 0.31 -1 0.53 -1 0.52 -1 pp -1 -2
