1 -1 13 -1 14 -1 17 -1 20 -1 50 -1 49 -1 48 -1 59 -1 66 -1 71 -1 74 -1 77 -1 88 -1 89 -1 89 -1 91 -1 96 -1 101 -1 -2
1 -1 18 -1 50 -1 49 -1 72 -1 75 -1 84 -1 -2
1 -1 17 -1 18 -1 49 -1 50 -1 67 -1 66 -1 73 -1 77 -1 81 -1 86 -1 91 -1 -2
1 -1 13 -1 17 -1 19 -1 21 -1 48 -1 49 -1 68 -1 67 -1 66 -1 67 -1 92 -1 -2
1 -1 18 -1 17 -1 49 -1 48 -1 57 -1 60 -1 69 -1 73 -1 74 -1 77 -1 81 -1 86 -1 89 -1 93 -1 98 -1 98 -1 96 -1 -2
1 -1 18 -1 50 -1 49 -1 59 -1 62 -1 66 -1 71 -1 72 -1 73 -1 75 -1 84 -1 88 -1 87 -1 90 -1 96 -1 98 -1 99 -1 -2
1 -1 49 -1 57 -1 60 -1 69 -1 74 -1 73 -1 83 -1 81 -1 93 -1 97 -1 -2
1 -1 20 -1 49 -1 54 -1 59 -1 62 -1 63 -1 66 -1 71 -1 73 -1 73 -1 98 -1 96 -1 -2
1 -1 49 -1 73 -1 74 -1 83 -1 81 -1 81 -1 93 -1 98 -1 -2
1 -1 49 -1 72 -1 73 -1 78 -1 86 -1 88 -1 96 -1 -2
1 -1 12 -1 18 -1 22 -1 49 -1 87 -1 90 -1 98 -1 99 -1 -2
1 -1 19 -1 17 -1 49 -1 52 -1 73 -1 74 -1 76 -1 75 -1 77 -1 81 -1 81 -1 81 -1 86 -1 89 -1 93 -1 98 -1 -2
1 -1 49 -1 51 -1 -2
1 -1 17 -1 49 -1 48 -1 66 -1 68 -1 87 -1 92 -1 91 -1 90 -1 99 -1 -2
1 -1 19 -1 22 -1 21 -1 50 -1 49 -1 48 -1 54 -1 63 -1 65 -1 63 -1 92 -1 93 -1 -2
1 -1 50 -1 49 -1 48 -1 58 -1 58 -1 61 -1 91 -1 96 -1 -2
2 -1 10 -1 8 -1 12 -1 13 -1 21 -1 22 -1 29 -1 32 -1 35 -1 46 -1 47 -1 87 -1 90 -1 99 -1 -2
2 -1 9 -1 29 -1 32 -1 35 -1 46 -1 -2
2 -1 5 -1 7 -1 16 -1 15 -1 17 -1 20 -1 23 -1 24 -1 27 -1 31 -1 34 -1 37 -1 46 -1 56 -1 63 -1 93 -1 -2
2 -1 10 -1 9 -1 13 -1 11 -1 14 -1 15 -1 19 -1 21 -1 20 -1 23 -1 31 -1 34 -1 37 -1 46 -1 47 -1 74 -1 73 -1 74 -1 77 -1 75 -1 77 -1 75 -1 77 -1 81 -1 86 -1 88 -1 89 -1 88 -1 89 -1 88 -1 90 -1 92 -1 90 -1 -2
2 -1 7 -1 8 -1 12 -1 11 -1 14 -1 15 -1 21 -1 28 -1 29 -1 32 -1 35 -1 46 -1 48 -1 72 -1 75 -1 83 -1 84 -1 -2
2 -1 10 -1 9 -1 8 -1 9 -1 10 -1 11 -1 14 -1 17 -1 20 -1 21 -1 20 -1 21 -1 31 -1 34 -1 37 -1 42 -1 44 -1 46 -1 47 -1 56 -1 59 -1 71 -1 77 -1 81 -1 93 -1 -2
2 -1 4 -1 9 -1 13 -1 15 -1 22 -1 21 -1 25 -1 24 -1 25 -1 31 -1 34 -1 37 -1 46 -1 50 -1 52 -1 54 -1 93 -1 -2
2 -1 6 -1 8 -1 7 -1 16 -1 22 -1 28 -1 31 -1 34 -1 37 -1 46 -1 47 -1 67 -1 68 -1 -2
2 -1 8 -1 7 -1 11 -1 21 -1 31 -1 34 -1 37 -1 46 -1 48 -1 57 -1 60 -1 67 -1 69 -1 74 -1 74 -1 86 -1 86 -1 86 -1 -2
2 -1 9 -1 8 -1 10 -1 8 -1 14 -1 17 -1 22 -1 20 -1 25 -1 31 -1 34 -1 37 -1 44 -1 46 -1 52 -1 54 -1 56 -1 63 -1 66 -1 89 -1 88 -1 92 -1 90 -1 97 -1 98 -1 -2
2 -1 8 -1 13 -1 15 -1 18 -1 19 -1 31 -1 34 -1 37 -1 46 -1 51 -1 52 -1 53 -1 54 -1 65 -1 63 -1 93 -1 96 -1 -2
2 -1 10 -1 9 -1 8 -1 10 -1 12 -1 13 -1 31 -1 34 -1 37 -1 46 -1 51 -1 52 -1 53 -1 54 -1 56 -1 57 -1 60 -1 69 -1 77 -1 87 -1 89 -1 88 -1 95 -1 93 -1 -2
2 -1 12 -1 16 -1 14 -1 31 -1 34 -1 37 -1 46 -1 56 -1 59 -1 62 -1 63 -1 66 -1 68 -1 66 -1 71 -1 73 -1 81 -1 84 -1 88 -1 87 -1 96 -1 98 -1 99 -1 -2
2 -1 9 -1 8 -1 13 -1 11 -1 15 -1 14 -1 18 -1 19 -1 18 -1 19 -1 22 -1 21 -1 22 -1 21 -1 25 -1 29 -1 32 -1 35 -1 46 -1 57 -1 59 -1 60 -1 62 -1 69 -1 71 -1 73 -1 72 -1 72 -1 86 -1 84 -1 86 -1 84 -1 -2
2 -1 9 -1 8 -1 16 -1 20 -1 24 -1 31 -1 34 -1 37 -1 42 -1 44 -1 46 -1 56 -1 57 -1 60 -1 69 -1 77 -1 81 -1 93 -1 98 -1 96 -1 97 -1 -2
2 -1 10 -1 9 -1 9 -1 13 -1 21 -1 20 -1 25 -1 31 -1 34 -1 37 -1 46 -1 52 -1 54 -1 62 -1 60 -1 63 -1 67 -1 66 -1 72 -1 74 -1 73 -1 75 -1 84 -1 86 -1 87 -1 90 -1 99 -1 -2
2 -1 20 -1 31 -1 34 -1 37 -1 46 -1 51 -1 52 -1 53 -1 54 -1 56 -1 63 -1 67 -1 66 -1 72 -1 84 -1 89 -1 92 -1 90 -1 93 -1 -2
2 -1 10 -1 8 -1 10 -1 11 -1 22 -1 20 -1 31 -1 34 -1 37 -1 46 -1 47 -1 55 -1 56 -1 65 -1 63 -1 68 -1 73 -1 73 -1 81 -1 86 -1 88 -1 92 -1 -2
2 -1 8 -1 10 -1 8 -1 12 -1 13 -1 11 -1 16 -1 19 -1 18 -1 19 -1 22 -1 31 -1 34 -1 37 -1 46 -1 50 -1 66 -1 -2
2 -1 10 -1 9 -1 8 -1 10 -1 12 -1 13 -1 11 -1 15 -1 16 -1 15 -1 14 -1 17 -1 18 -1 19 -1 31 -1 34 -1 37 -1 46 -1 48 -1 57 -1 60 -1 68 -1 69 -1 97 -1 -2
2 -1 13 -1 12 -1 11 -1 13 -1 15 -1 20 -1 21 -1 25 -1 31 -1 34 -1 37 -1 46 -1 47 -1 56 -1 59 -1 57 -1 59 -1 57 -1 62 -1 60 -1 66 -1 71 -1 69 -1 71 -1 69 -1 73 -1 74 -1 77 -1 81 -1 93 -1 96 -1 -2
2 -1 7 -1 13 -1 12 -1 13 -1 11 -1 21 -1 20 -1 28 -1 27 -1 28 -1 31 -1 34 -1 37 -1 46 -1 50 -1 56 -1 62 -1 63 -1 98 -1 -2
2 -1 8 -1 12 -1 13 -1 22 -1 25 -1 29 -1 32 -1 35 -1 46 -1 47 -1 57 -1 60 -1 69 -1 88 -1 87 -1 89 -1 99 -1 101 -1 -2
2 -1 5 -1 7 -1 12 -1 14 -1 15 -1 31 -1 34 -1 37 -1 46 -1 48 -1 59 -1 57 -1 62 -1 60 -1 66 -1 71 -1 69 -1 -2
2 -1 13 -1 16 -1 31 -1 34 -1 37 -1 46 -1 59 -1 57 -1 61 -1 60 -1 71 -1 69 -1 -2
2 -1 10 -1 11 -1 12 -1 11 -1 13 -1 15 -1 19 -1 18 -1 25 -1 28 -1 29 -1 32 -1 35 -1 46 -1 73 -1 73 -1 81 -1 83 -1 81 -1 86 -1 86 -1 -2
2 -1 12 -1 13 -1 16 -1 15 -1 16 -1 14 -1 16 -1 17 -1 19 -1 21 -1 31 -1 34 -1 37 -1 46 -1 48 -1 63 -1 -2
2 -1 4 -1 12 -1 13 -1 15 -1 16 -1 17 -1 31 -1 34 -1 37 -1 46 -1 50 -1 52 -1 54 -1 73 -1 86 -1 93 -1 96 -1 97 -1 -2
2 -1 10 -1 9 -1 10 -1 12 -1 15 -1 16 -1 18 -1 19 -1 28 -1 31 -1 34 -1 37 -1 46 -1 48 -1 97 -1 98 -1 -2
2 -1 8 -1 10 -1 13 -1 12 -1 11 -1 15 -1 14 -1 17 -1 18 -1 17 -1 22 -1 25 -1 31 -1 34 -1 37 -1 46 -1 47 -1 87 -1 91 -1 90 -1 96 -1 99 -1 -2
2 -1 4 -1 15 -1 16 -1 19 -1 31 -1 34 -1 37 -1 46 -1 52 -1 54 -1 63 -1 66 -1 93 -1 -2
2 -1 5 -1 10 -1 13 -1 15 -1 18 -1 25 -1 24 -1 23 -1 24 -1 23 -1 29 -1 32 -1 35 -1 46 -1 57 -1 60 -1 69 -1 73 -1 86 -1 -2
2 -1 6 -1 8 -1 7 -1 16 -1 19 -1 18 -1 19 -1 22 -1 21 -1 22 -1 24 -1 31 -1 34 -1 37 -1 46 -1 47 -1 59 -1 62 -1 71 -1 -2
2 -1 5 -1 21 -1 25 -1 24 -1 25 -1 29 -1 32 -1 35 -1 42 -1 46 -1 50 -1 74 -1 86 -1 -2
2 -1 13 -1 12 -1 13 -1 15 -1 16 -1 19 -1 22 -1 21 -1 22 -1 29 -1 32 -1 35 -1 46 -1 47 -1 -2
2 -1 7 -1 12 -1 13 -1 14 -1 17 -1 20 -1 28 -1 31 -1 34 -1 37 -1 46 -1 56 -1 73 -1 74 -1 76 -1 77 -1 81 -1 86 -1 97 -1 96 -1 -2
2 -1 12 -1 13 -1 16 -1 25 -1 31 -1 34 -1 37 -1 46 -1 55 -1 56 -1 72 -1 72 -1 72 -1 72 -1 83 -1 81 -1 84 -1 84 -1 86 -1 84 -1 84 -1 -2
2 -1 9 -1 10 -1 12 -1 14 -1 31 -1 34 -1 37 -1 46 -1 56 -1 81 -1 86 -1 -2
2 -1 4 -1 6 -1 4 -1 8 -1 7 -1 8 -1 13 -1 12 -1 13 -1 16 -1 22 -1 27 -1 31 -1 34 -1 37 -1 46 -1 52 -1 54 -1 74 -1 86 -1 86 -1 93 -1 97 -1 -2
2 -1 5 -1 9 -1 7 -1 14 -1 18 -1 21 -1 31 -1 34 -1 37 -1 46 -1 48 -1 59 -1 62 -1 63 -1 71 -1 87 -1 90 -1 99 -1 -2
2 -1 4 -1 8 -1 15 -1 16 -1 14 -1 17 -1 22 -1 21 -1 20 -1 31 -1 34 -1 37 -1 46 -1 50 -1 52 -1 54 -1 56 -1 74 -1 77 -1 86 -1 89 -1 89 -1 89 -1 92 -1 91 -1 90 -1 92 -1 93 -1 97 -1 96 -1 101 -1 -2
2 -1 5 -1 7 -1 18 -1 19 -1 18 -1 19 -1 21 -1 29 -1 32 -1 35 -1 46 -1 48 -1 59 -1 62 -1 71 -1 72 -1 74 -1 72 -1 74 -1 74 -1 84 -1 86 -1 86 -1 84 -1 86 -1 87 -1 89 -1 92 -1 98 -1 99 -1 -2
2 -1 12 -1 13 -1 22 -1 21 -1 31 -1 34 -1 37 -1 46 -1 -2
2 -1 7 -1 16 -1 19 -1 28 -1 29 -1 32 -1 35 -1 46 -1 66 -1 -2
2 -1 5 -1 9 -1 7 -1 11 -1 18 -1 17 -1 21 -1 25 -1 31 -1 34 -1 37 -1 46 -1 50 -1 52 -1 54 -1 57 -1 59 -1 63 -1 65 -1 63 -1 69 -1 71 -1 -2
2 -1 6 -1 18 -1 22 -1 21 -1 29 -1 32 -1 35 -1 46 -1 47 -1 -2
2 -1 4 -1 14 -1 16 -1 22 -1 21 -1 31 -1 34 -1 37 -1 46 -1 52 -1 54 -1 56 -1 74 -1 77 -1 81 -1 86 -1 89 -1 92 -1 93 -1 96 -1 -2
2 -1 7 -1 13 -1 12 -1 13 -1 28 -1 31 -1 34 -1 37 -1 46 -1 56 -1 59 -1 62 -1 63 -1 67 -1 68 -1 66 -1 71 -1 87 -1 87 -1 90 -1 98 -1 96 -1 99 -1 99 -1 -2
2 -1 8 -1 12 -1 13 -1 11 -1 15 -1 16 -1 14 -1 19 -1 25 -1 31 -1 34 -1 37 -1 46 -1 48 -1 55 -1 56 -1 57 -1 60 -1 68 -1 69 -1 72 -1 86 -1 84 -1 86 -1 89 -1 92 -1 93 -1 101 -1 -2
2 -1 10 -1 12 -1 13 -1 15 -1 14 -1 17 -1 19 -1 31 -1 34 -1 37 -1 46 -1 47 -1 59 -1 62 -1 66 -1 68 -1 71 -1 -2
2 -1 4 -1 6 -1 9 -1 10 -1 16 -1 15 -1 16 -1 18 -1 17 -1 19 -1 31 -1 34 -1 37 -1 46 -1 56 -1 73 -1 74 -1 81 -1 86 -1 -2
2 -1 5 -1 8 -1 7 -1 11 -1 14 -1 14 -1 17 -1 20 -1 31 -1 34 -1 37 -1 46 -1 74 -1 77 -1 78 -1 81 -1 86 -1 -2
2 -1 8 -1 9 -1 10 -1 12 -1 13 -1 11 -1 19 -1 18 -1 21 -1 31 -1 34 -1 37 -1 46 -1 50 -1 59 -1 62 -1 66 -1 71 -1 87 -1 90 -1 99 -1 -2
2 -1 28 -1 29 -1 32 -1 35 -1 46 -1 57 -1 60 -1 68 -1 69 -1 89 -1 92 -1 101 -1 -2
2 -1 15 -1 14 -1 17 -1 21 -1 31 -1 34 -1 37 -1 46 -1 59 -1 62 -1 67 -1 71 -1 -2
2 -1 7 -1 12 -1 13 -1 18 -1 19 -1 21 -1 22 -1 27 -1 28 -1 29 -1 32 -1 35 -1 46 -1 57 -1 59 -1 60 -1 62 -1 69 -1 71 -1 -2
2 -1 5 -1 7 -1 8 -1 7 -1 12 -1 13 -1 11 -1 14 -1 18 -1 17 -1 26 -1 28 -1 31 -1 34 -1 37 -1 46 -1 48 -1 -2
2 -1 8 -1 9 -1 10 -1 8 -1 15 -1 19 -1 25 -1 31 -1 34 -1 37 -1 46 -1 50 -1 52 -1 54 -1 93 -1 96 -1 -2
2 -1 10 -1 9 -1 10 -1 11 -1 16 -1 15 -1 16 -1 14 -1 17 -1 21 -1 31 -1 34 -1 37 -1 46 -1 48 -1 59 -1 57 -1 62 -1 60 -1 71 -1 69 -1 87 -1 90 -1 98 -1 99 -1 -2
2 -1 10 -1 9 -1 12 -1 13 -1 12 -1 11 -1 15 -1 14 -1 15 -1 22 -1 25 -1 24 -1 25 -1 24 -1 31 -1 34 -1 37 -1 46 -1 52 -1 54 -1 59 -1 62 -1 71 -1 93 -1 97 -1 96 -1 -2
2 -1 6 -1 10 -1 12 -1 13 -1 20 -1 25 -1 31 -1 34 -1 37 -1 46 -1 51 -1 52 -1 53 -1 54 -1 56 -1 57 -1 69 -1 72 -1 74 -1 77 -1 81 -1 83 -1 81 -1 86 -1 84 -1 86 -1 95 -1 93 -1 96 -1 -2
2 -1 12 -1 16 -1 14 -1 21 -1 20 -1 31 -1 34 -1 37 -1 46 -1 51 -1 52 -1 53 -1 54 -1 66 -1 72 -1 84 -1 87 -1 88 -1 90 -1 98 -1 99 -1 -2
2 -1 6 -1 9 -1 8 -1 10 -1 10 -1 13 -1 12 -1 13 -1 15 -1 19 -1 18 -1 21 -1 28 -1 28 -1 31 -1 34 -1 37 -1 46 -1 47 -1 57 -1 60 -1 68 -1 69 -1 74 -1 77 -1 81 -1 86 -1 89 -1 87 -1 91 -1 90 -1 99 -1 -2
2 -1 5 -1 8 -1 7 -1 10 -1 12 -1 13 -1 11 -1 13 -1 20 -1 21 -1 31 -1 34 -1 37 -1 46 -1 48 -1 56 -1 59 -1 57 -1 62 -1 60 -1 66 -1 68 -1 71 -1 69 -1 74 -1 77 -1 78 -1 81 -1 86 -1 -2
2 -1 8 -1 12 -1 13 -1 31 -1 34 -1 37 -1 46 -1 50 -1 52 -1 54 -1 59 -1 62 -1 66 -1 67 -1 71 -1 72 -1 74 -1 75 -1 77 -1 80 -1 78 -1 81 -1 84 -1 86 -1 93 -1 96 -1 -2
2 -1 10 -1 10 -1 12 -1 11 -1 12 -1 15 -1 18 -1 22 -1 23 -1 29 -1 32 -1 35 -1 46 -1 57 -1 60 -1 69 -1 72 -1 84 -1 87 -1 90 -1 99 -1 -2
2 -1 9 -1 7 -1 11 -1 12 -1 11 -1 31 -1 34 -1 37 -1 46 -1 56 -1 63 -1 73 -1 76 -1 81 -1 83 -1 89 -1 89 -1 87 -1 91 -1 91 -1 101 -1 99 -1 -2
2 -1 8 -1 9 -1 8 -1 9 -1 13 -1 12 -1 13 -1 31 -1 34 -1 37 -1 46 -1 55 -1 56 -1 65 -1 63 -1 66 -1 68 -1 73 -1 81 -1 86 -1 89 -1 87 -1 88 -1 98 -1 96 -1 99 -1 101 -1 -2
2 -1 5 -1 8 -1 7 -1 12 -1 15 -1 19 -1 18 -1 19 -1 21 -1 31 -1 34 -1 37 -1 46 -1 48 -1 74 -1 74 -1 74 -1 -2
2 -1 8 -1 13 -1 16 -1 16 -1 15 -1 19 -1 18 -1 19 -1 18 -1 22 -1 21 -1 22 -1 21 -1 22 -1 23 -1 29 -1 32 -1 35 -1 46 -1 57 -1 60 -1 62 -1 61 -1 68 -1 66 -1 69 -1 74 -1 73 -1 72 -1 73 -1 72 -1 84 -1 86 -1 84 -1 96 -1 -2
2 -1 9 -1 7 -1 11 -1 16 -1 14 -1 17 -1 21 -1 20 -1 24 -1 31 -1 34 -1 37 -1 46 -1 56 -1 62 -1 63 -1 76 -1 81 -1 87 -1 98 -1 96 -1 -2
2 -1 13 -1 15 -1 19 -1 18 -1 19 -1 21 -1 25 -1 29 -1 32 -1 35 -1 42 -1 46 -1 57 -1 60 -1 69 -1 -2
2 -1 7 -1 10 -1 12 -1 13 -1 11 -1 20 -1 21 -1 27 -1 31 -1 34 -1 37 -1 41 -1 42 -1 44 -1 46 -1 56 -1 59 -1 57 -1 62 -1 60 -1 66 -1 71 -1 69 -1 73 -1 74 -1 76 -1 77 -1 78 -1 81 -1 86 -1 89 -1 92 -1 97 -1 101 -1 -2
2 -1 7 -1 10 -1 13 -1 12 -1 11 -1 18 -1 21 -1 31 -1 34 -1 37 -1 46 -1 56 -1 63 -1 87 -1 88 -1 99 -1 101 -1 -2
2 -1 4 -1 8 -1 10 -1 10 -1 12 -1 13 -1 17 -1 20 -1 21 -1 20 -1 31 -1 34 -1 37 -1 46 -1 50 -1 52 -1 54 -1 55 -1 56 -1 66 -1 -2
2 -1 6 -1 8 -1 10 -1 29 -1 32 -1 35 -1 46 -1 47 -1 57 -1 60 -1 69 -1 -2
2 -1 5 -1 8 -1 10 -1 8 -1 9 -1 25 -1 24 -1 25 -1 31 -1 34 -1 37 -1 46 -1 59 -1 57 -1 62 -1 60 -1 71 -1 69 -1 -2
2 -1 4 -1 14 -1 16 -1 14 -1 17 -1 20 -1 21 -1 20 -1 31 -1 34 -1 37 -1 46 -1 52 -1 54 -1 67 -1 68 -1 81 -1 93 -1 96 -1 98 -1 97 -1 -2
2 -1 7 -1 16 -1 15 -1 19 -1 18 -1 19 -1 22 -1 21 -1 22 -1 28 -1 27 -1 31 -1 34 -1 37 -1 46 -1 -2
2 -1 4 -1 8 -1 11 -1 14 -1 15 -1 16 -1 20 -1 23 -1 31 -1 34 -1 37 -1 46 -1 61 -1 92 -1 -2
2 -1 6 -1 7 -1 8 -1 15 -1 16 -1 19 -1 21 -1 27 -1 29 -1 32 -1 35 -1 46 -1 87 -1 90 -1 99 -1 -2
2 -1 5 -1 7 -1 9 -1 23 -1 27 -1 31 -1 34 -1 37 -1 46 -1 50 -1 92 -1 -2
2 -1 10 -1 13 -1 12 -1 14 -1 17 -1 21 -1 22 -1 31 -1 34 -1 37 -1 46 -1 87 -1 90 -1 99 -1 -2
2 -1 8 -1 13 -1 12 -1 13 -1 15 -1 18 -1 22 -1 21 -1 31 -1 34 -1 37 -1 46 -1 67 -1 68 -1 66 -1 73 -1 81 -1 86 -1 92 -1 91 -1 96 -1 -2
2 -1 10 -1 11 -1 14 -1 16 -1 18 -1 19 -1 21 -1 23 -1 29 -1 32 -1 35 -1 46 -1 68 -1 88 -1 87 -1 89 -1 98 -1 96 -1 -2
2 -1 8 -1 15 -1 17 -1 22 -1 21 -1 31 -1 34 -1 37 -1 46 -1 66 -1 67 -1 87 -1 88 -1 98 -1 96 -1 99 -1 101 -1 -2
2 -1 7 -1 16 -1 19 -1 21 -1 22 -1 28 -1 31 -1 34 -1 37 -1 46 -1 57 -1 60 -1 69 -1 -2
2 -1 10 -1 18 -1 25 -1 29 -1 32 -1 35 -1 46 -1 48 -1 59 -1 62 -1 71 -1 74 -1 72 -1 86 -1 84 -1 92 -1 93 -1 -2
2 -1 8 -1 9 -1 8 -1 9 -1 11 -1 12 -1 11 -1 14 -1 19 -1 18 -1 19 -1 23 -1 29 -1 32 -1 35 -1 46 -1 47 -1 57 -1 59 -1 60 -1 69 -1 77 -1 76 -1 75 -1 76 -1 81 -1 90 -1 91 -1 -2
2 -1 5 -1 10 -1 16 -1 15 -1 25 -1 24 -1 25 -1 28 -1 29 -1 32 -1 35 -1 46 -1 50 -1 58 -1 59 -1 62 -1 73 -1 74 -1 92 -1 -2
2 -1 4 -1 22 -1 21 -1 22 -1 31 -1 34 -1 37 -1 46 -1 47 -1 57 -1 60 -1 69 -1 87 -1 90 -1 99 -1 -2
2 -1 7 -1 11 -1 21 -1 28 -1 31 -1 34 -1 37 -1 46 -1 50 -1 56 -1 59 -1 62 -1 63 -1 66 -1 71 -1 89 -1 87 -1 92 -1 101 -1 99 -1 -2
2 -1 8 -1 16 -1 15 -1 27 -1 29 -1 32 -1 35 -1 46 -1 47 -1 57 -1 60 -1 68 -1 69 -1 86 -1 89 -1 96 -1 101 -1 -2
2 -1 4 -1 10 -1 10 -1 8 -1 10 -1 8 -1 12 -1 11 -1 25 -1 24 -1 31 -1 34 -1 37 -1 46 -1 50 -1 52 -1 54 -1 59 -1 57 -1 62 -1 60 -1 63 -1 67 -1 68 -1 71 -1 69 -1 76 -1 77 -1 -2
2 -1 7 -1 8 -1 10 -1 25 -1 24 -1 25 -1 24 -1 25 -1 31 -1 34 -1 37 -1 46 -1 48 -1 59 -1 57 -1 62 -1 60 -1 66 -1 71 -1 69 -1 74 -1 -2
2 -1 8 -1 8 -1 9 -1 19 -1 22 -1 21 -1 23 -1 28 -1 29 -1 32 -1 35 -1 46 -1 50 -1 59 -1 62 -1 71 -1 92 -1 96 -1 -2
2 -1 13 -1 12 -1 14 -1 18 -1 22 -1 21 -1 31 -1 34 -1 37 -1 46 -1 57 -1 60 -1 69 -1 74 -1 77 -1 81 -1 86 -1 87 -1 98 -1 99 -1 -2
2 -1 10 -1 19 -1 18 -1 21 -1 22 -1 25 -1 24 -1 31 -1 34 -1 37 -1 46 -1 56 -1 89 -1 87 -1 99 -1 -2
2 -1 13 -1 14 -1 17 -1 21 -1 22 -1 20 -1 25 -1 24 -1 25 -1 31 -1 34 -1 37 -1 46 -1 55 -1 56 -1 57 -1 59 -1 66 -1 69 -1 71 -1 71 -1 74 -1 77 -1 77 -1 81 -1 83 -1 86 -1 89 -1 92 -1 96 -1 101 -1 -2
2 -1 9 -1 8 -1 7 -1 18 -1 22 -1 31 -1 34 -1 37 -1 46 -1 48 -1 87 -1 90 -1 98 -1 99 -1 -2
2 -1 4 -1 9 -1 11 -1 13 -1 19 -1 25 -1 31 -1 34 -1 37 -1 46 -1 50 -1 52 -1 54 -1 59 -1 62 -1 71 -1 89 -1 92 -1 93 -1 96 -1 97 -1 97 -1 96 -1 101 -1 -2
2 -1 12 -1 15 -1 17 -1 29 -1 32 -1 35 -1 46 -1 47 -1 87 -1 90 -1 98 -1 99 -1 -2
3 -1 13 -1 12 -1 13 -1 16 -1 15 -1 16 -1 18 -1 21 -1 23 -1 90 -1 90 -1 92 -1 96 -1 -2
3 -1 11 -1 15 -1 14 -1 19 -1 27 -1 28 -1 27 -1 59 -1 62 -1 71 -1 88 -1 -2
3 -1 4 -1 8 -1 9 -1 8 -1 12 -1 13 -1 15 -1 18 -1 19 -1 21 -1 22 -1 25 -1 27 -1 26 -1 27 -1 31 -1 32 -1 38 -1 46 -1 47 -1 -2
3 -1 9 -1 8 -1 12 -1 13 -1 12 -1 13 -1 15 -1 27 -1 28 -1 46 -1 -2
3 -1 7 -1 8 -1 9 -1 8 -1 9 -1 11 -1 12 -1 11 -1 16 -1 14 -1 14 -1 17 -1 22 -1 21 -1 22 -1 23 -1 26 -1 27 -1 26 -1 27 -1 26 -1 29 -1 34 -1 40 -1 46 -1 52 -1 54 -1 67 -1 -2
3 -1 13 -1 15 -1 16 -1 18 -1 19 -1 25 -1 24 -1 27 -1 26 -1 29 -1 34 -1 40 -1 46 -1 50 -1 -2
3 -1 8 -1 9 -1 8 -1 12 -1 13 -1 11 -1 15 -1 14 -1 15 -1 18 -1 19 -1 17 -1 22 -1 20 -1 25 -1 24 -1 25 -1 23 -1 28 -1 26 -1 27 -1 26 -1 28 -1 29 -1 34 -1 40 -1 46 -1 89 -1 92 -1 93 -1 96 -1 101 -1 -2
3 -1 5 -1 4 -1 9 -1 7 -1 9 -1 8 -1 11 -1 12 -1 11 -1 16 -1 15 -1 14 -1 17 -1 22 -1 21 -1 20 -1 21 -1 24 -1 23 -1 26 -1 27 -1 28 -1 31 -1 32 -1 38 -1 46 -1 59 -1 62 -1 63 -1 66 -1 71 -1 87 -1 89 -1 90 -1 92 -1 95 -1 93 -1 98 -1 96 -1 99 -1 101 -1 -2
3 -1 10 -1 9 -1 8 -1 12 -1 19 -1 22 -1 21 -1 20 -1 27 -1 26 -1 27 -1 29 -1 34 -1 40 -1 46 -1 56 -1 81 -1 87 -1 88 -1 99 -1 -2
3 -1 6 -1 11 -1 15 -1 17 -1 18 -1 22 -1 21 -1 24 -1 25 -1 31 -1 32 -1 38 -1 46 -1 87 -1 88 -1 89 -1 96 -1 99 -1 101 -1 -2
3 -1 5 -1 9 -1 15 -1 14 -1 19 -1 18 -1 18 -1 21 -1 20 -1 24 -1 23 -1 25 -1 27 -1 31 -1 32 -1 38 -1 46 -1 59 -1 62 -1 66 -1 67 -1 71 -1 74 -1 74 -1 76 -1 75 -1 77 -1 81 -1 83 -1 81 -1 86 -1 88 -1 89 -1 91 -1 98 -1 96 -1 99 -1 101 -1 -2
3 -1 4 -1 10 -1 8 -1 9 -1 18 -1 19 -1 18 -1 19 -1 22 -1 24 -1 25 -1 24 -1 25 -1 27 -1 26 -1 27 -1 31 -1 32 -1 38 -1 46 -1 50 -1 57 -1 59 -1 57 -1 60 -1 62 -1 60 -1 63 -1 68 -1 66 -1 69 -1 71 -1 69 -1 73 -1 86 -1 89 -1 87 -1 92 -1 93 -1 96 -1 98 -1 101 -1 99 -1 -2
3 -1 9 -1 7 -1 9 -1 8 -1 9 -1 11 -1 12 -1 18 -1 22 -1 25 -1 27 -1 28 -1 27 -1 31 -1 32 -1 38 -1 46 -1 59 -1 62 -1 71 -1 73 -1 81 -1 86 -1 96 -1 101 -1 -2
3 -1 4 -1 8 -1 9 -1 8 -1 13 -1 15 -1 19 -1 18 -1 21 -1 22 -1 21 -1 22 -1 26 -1 27 -1 26 -1 27 -1 28 -1 29 -1 34 -1 40 -1 46 -1 74 -1 72 -1 72 -1 73 -1 81 -1 86 -1 84 -1 86 -1 84 -1 86 -1 -2
3 -1 5 -1 11 -1 12 -1 14 -1 15 -1 16 -1 17 -1 25 -1 24 -1 23 -1 26 -1 28 -1 31 -1 32 -1 38 -1 46 -1 59 -1 62 -1 71 -1 72 -1 81 -1 81 -1 84 -1 86 -1 86 -1 89 -1 101 -1 -2
3 -1 6 -1 5 -1 10 -1 7 -1 10 -1 8 -1 9 -1 10 -1 12 -1 13 -1 15 -1 18 -1 19 -1 22 -1 21 -1 22 -1 24 -1 25 -1 24 -1 25 -1 26 -1 28 -1 31 -1 32 -1 38 -1 46 -1 73 -1 86 -1 -2
3 -1 6 -1 4 -1 9 -1 8 -1 9 -1 10 -1 12 -1 11 -1 14 -1 15 -1 17 -1 18 -1 21 -1 20 -1 28 -1 27 -1 28 -1 29 -1 34 -1 40 -1 46 -1 50 -1 54 -1 89 -1 92 -1 93 -1 101 -1 -2
3 -1 5 -1 8 -1 9 -1 10 -1 12 -1 13 -1 12 -1 16 -1 15 -1 14 -1 15 -1 19 -1 17 -1 22 -1 21 -1 22 -1 25 -1 24 -1 26 -1 27 -1 28 -1 29 -1 34 -1 40 -1 46 -1 72 -1 73 -1 72 -1 81 -1 86 -1 84 -1 86 -1 89 -1 96 -1 101 -1 -2
3 -1 8 -1 13 -1 16 -1 19 -1 22 -1 26 -1 27 -1 29 -1 34 -1 40 -1 46 -1 -2
3 -1 4 -1 5 -1 8 -1 9 -1 7 -1 11 -1 14 -1 15 -1 16 -1 18 -1 17 -1 18 -1 21 -1 20 -1 21 -1 24 -1 23 -1 26 -1 27 -1 26 -1 29 -1 34 -1 40 -1 46 -1 59 -1 62 -1 63 -1 66 -1 71 -1 89 -1 92 -1 93 -1 96 -1 101 -1 -2
3 -1 6 -1 4 -1 5 -1 8 -1 10 -1 13 -1 15 -1 16 -1 19 -1 18 -1 27 -1 26 -1 29 -1 34 -1 40 -1 46 -1 48 -1 74 -1 81 -1 83 -1 81 -1 86 -1 89 -1 87 -1 91 -1 96 -1 98 -1 101 -1 99 -1 -2
3 -1 9 -1 8 -1 10 -1 12 -1 13 -1 23 -1 27 -1 26 -1 27 -1 28 -1 31 -1 32 -1 38 -1 46 -1 59 -1 62 -1 63 -1 71 -1 83 -1 81 -1 84 -1 86 -1 87 -1 88 -1 96 -1 101 -1 99 -1 101 -1 -2
3 -1 4 -1 5 -1 8 -1 9 -1 13 -1 16 -1 25 -1 24 -1 27 -1 26 -1 27 -1 29 -1 34 -1 40 -1 46 -1 74 -1 73 -1 86 -1 -2
3 -1 4 -1 6 -1 10 -1 9 -1 10 -1 12 -1 11 -1 15 -1 14 -1 17 -1 20 -1 21 -1 20 -1 21 -1 24 -1 23 -1 24 -1 26 -1 27 -1 26 -1 27 -1 31 -1 32 -1 38 -1 46 -1 48 -1 59 -1 62 -1 66 -1 71 -1 74 -1 76 -1 81 -1 86 -1 89 -1 87 -1 89 -1 91 -1 90 -1 91 -1 96 -1 98 -1 96 -1 96 -1 101 -1 99 -1 101 -1 101 -1 -2
3 -1 4 -1 6 -1 8 -1 9 -1 8 -1 10 -1 12 -1 13 -1 16 -1 18 -1 19 -1 22 -1 21 -1 22 -1 21 -1 23 -1 25 -1 24 -1 25 -1 28 -1 26 -1 27 -1 31 -1 32 -1 38 -1 46 -1 50 -1 -2
3 -1 5 -1 9 -1 13 -1 19 -1 18 -1 22 -1 21 -1 24 -1 28 -1 31 -1 32 -1 38 -1 46 -1 73 -1 72 -1 72 -1 81 -1 86 -1 84 -1 84 -1 -2
3 -1 6 -1 5 -1 8 -1 7 -1 10 -1 11 -1 13 -1 12 -1 14 -1 15 -1 16 -1 17 -1 18 -1 17 -1 21 -1 20 -1 24 -1 23 -1 26 -1 27 -1 31 -1 32 -1 38 -1 46 -1 59 -1 57 -1 62 -1 60 -1 63 -1 71 -1 69 -1 -2
3 -1 11 -1 15 -1 16 -1 59 -1 62 -1 71 -1 -2
3 -1 9 -1 12 -1 11 -1 15 -1 14 -1 17 -1 20 -1 23 -1 24 -1 31 -1 32 -1 38 -1 46 -1 56 -1 57 -1 59 -1 60 -1 62 -1 63 -1 66 -1 69 -1 71 -1 73 -1 78 -1 81 -1 -2
3 -1 5 -1 9 -1 13 -1 12 -1 15 -1 16 -1 21 -1 22 -1 25 -1 29 -1 34 -1 40 -1 46 -1 72 -1 -2
3 -1 8 -1 13 -1 19 -1 21 -1 22 -1 26 -1 28 -1 29 -1 34 -1 40 -1 46 -1 48 -1 -2
3 -1 8 -1 7 -1 12 -1 11 -1 13 -1 12 -1 14 -1 17 -1 19 -1 18 -1 20 -1 21 -1 25 -1 24 -1 25 -1 26 -1 27 -1 26 -1 28 -1 31 -1 32 -1 38 -1 46 -1 47 -1 59 -1 57 -1 62 -1 60 -1 63 -1 65 -1 71 -1 69 -1 87 -1 101 -1 99 -1 -2
3 -1 8 -1 12 -1 13 -1 16 -1 17 -1 22 -1 24 -1 25 -1 46 -1 48 -1 52 -1 54 -1 59 -1 62 -1 63 -1 67 -1 71 -1 89 -1 88 -1 89 -1 88 -1 96 -1 101 -1 -2
3 -1 5 -1 4 -1 7 -1 31 -1 32 -1 38 -1 46 -1 -2
3 -1 6 -1 4 -1 5 -1 8 -1 9 -1 8 -1 9 -1 8 -1 9 -1 7 -1 27 -1 29 -1 34 -1 40 -1 46 -1 81 -1 86 -1 -2
3 -1 10 -1 8 -1 9 -1 19 -1 22 -1 25 -1 24 -1 27 -1 26 -1 28 -1 30 -1 29 -1 33 -1 34 -1 39 -1 40 -1 45 -1 46 -1 50 -1 -2
3 -1 8 -1 9 -1 8 -1 13 -1 16 -1 15 -1 16 -1 18 -1 17 -1 25 -1 23 -1 24 -1 25 -1 27 -1 31 -1 32 -1 38 -1 46 -1 72 -1 83 -1 84 -1 89 -1 92 -1 96 -1 101 -1 -2
3 -1 5 -1 7 -1 8 -1 9 -1 11 -1 12 -1 15 -1 14 -1 15 -1 14 -1 19 -1 18 -1 17 -1 20 -1 24 -1 23 -1 27 -1 29 -1 34 -1 40 -1 46 -1 56 -1 59 -1 57 -1 62 -1 60 -1 63 -1 65 -1 66 -1 71 -1 69 -1 72 -1 84 -1 86 -1 86 -1 87 -1 89 -1 93 -1 98 -1 96 -1 99 -1 101 -1 -2
3 -1 12 -1 13 -1 16 -1 14 -1 22 -1 21 -1 22 -1 59 -1 62 -1 63 -1 71 -1 73 -1 73 -1 86 -1 86 -1 -2
3 -1 9 -1 8 -1 12 -1 11 -1 15 -1 14 -1 21 -1 20 -1 23 -1 27 -1 26 -1 31 -1 32 -1 38 -1 46 -1 57 -1 60 -1 69 -1 89 -1 92 -1 93 -1 96 -1 101 -1 -2
3 -1 9 -1 15 -1 14 -1 22 -1 21 -1 28 -1 48 -1 59 -1 62 -1 66 -1 71 -1 101 -1 -2
3 -1 4 -1 5 -1 8 -1 7 -1 8 -1 9 -1 10 -1 11 -1 12 -1 15 -1 14 -1 15 -1 18 -1 17 -1 18 -1 21 -1 23 -1 24 -1 28 -1 26 -1 27 -1 28 -1 29 -1 30 -1 34 -1 33 -1 40 -1 39 -1 46 -1 45 -1 47 -1 57 -1 59 -1 60 -1 62 -1 66 -1 69 -1 71 -1 73 -1 72 -1 74 -1 76 -1 81 -1 86 -1 84 -1 86 -1 89 -1 88 -1 89 -1 101 -1 